0.989226 -1.338760 1.899515
0.989226 -1.338760 -0.082351
1.874314 -1.338760 -0.082351
0.915469 -1.864292 1.758668
0.915469 -1.943122 1.758668
0.915469 -1.864292 1.605016
0.915469 -1.864292 1.605016
0.915469 -1.943122 1.758668
0.915469 -1.943122 1.605016
0.989226 -1.838015 1.784276
0.915469 -1.864292 1.758668
0.989226 -1.838015 1.592212
0.989226 -1.838015 1.592212
0.915469 -1.864292 1.758668
0.915469 -1.864292 1.605016
0.989226 -1.838015 1.592212
0.915469 -1.864292 1.605016
0.989226 -1.969399 1.592212
0.989226 -1.969399 1.592212
0.915469 -1.864292 1.605016
0.915469 -1.943122 1.605016
0.989226 -1.969399 1.592212
0.915469 -1.943122 1.605016
0.989226 -1.969399 1.784276
0.989226 -1.969399 1.784276
0.915469 -1.943122 1.605016
0.915469 -1.943122 1.758668
0.989226 -1.969399 1.784276
0.915469 -1.943122 1.758668
0.989226 -1.838015 1.784276
0.989226 -1.838015 1.784276
0.915469 -1.943122 1.758668
0.915469 -1.864292 1.758668
0.989226 -2.363548 1.400148
0.989226 -1.969399 1.592212
0.989226 -2.363548 1.899515
0.989226 -1.969399 1.592212
0.989226 -1.969399 1.784276
0.989226 -2.363548 1.899515
0.989226 -2.363548 1.899515
0.989226 -1.969399 1.784276
0.989226 -1.338760 1.899515
0.989226 -1.969399 1.784276
0.989226 -1.838015 1.784276
0.989226 -1.338760 1.899515
0.989226 -2.363548 1.400148
0.989226 -1.338760 1.400148
0.989226 -1.969399 1.592212
0.989226 -1.969399 1.592212
0.989226 -1.338760 1.400148
0.989226 -1.838015 1.592212
0.989226 -1.338760 1.400148
0.989226 -1.338760 1.899515
0.989226 -1.838015 1.592212
0.989226 -1.838015 1.592212
0.989226 -1.338760 1.899515
0.989226 -1.838015 1.784276
1.608788 0.631987 1.899515
1.756303 0.631987 1.592212
0.989226 0.631987 1.899515
1.889066 0.631987 -0.082351
0.989226 0.631987 1.899515
1.756303 0.631987 1.592212
0.989226 0.631987 -0.082351
0.989226 0.631987 1.899515
1.889066 0.631987 -0.082351
0.915468 2.339968 1.758667
0.915468 2.261138 1.758667
0.915468 2.339968 1.605016
0.915468 2.261138 1.758667
0.915468 2.261138 1.605016
0.915468 2.339968 1.605016
0.989226 2.234862 1.784276
0.989226 2.234862 1.592212
0.915468 2.261138 1.758667
0.915468 2.261138 1.758667
0.989226 2.234862 1.592212
0.915468 2.261138 1.605016
0.989226 2.234862 1.592212
0.989226 2.366245 1.592212
0.915468 2.261138 1.605016
0.915468 2.261138 1.605016
0.989226 2.366245 1.592212
0.915468 2.339968 1.605016
0.989226 2.366245 1.592212
0.989226 2.366245 1.784276
0.915468 2.339968 1.605016
0.915468 2.339968 1.605016
0.989226 2.366245 1.784276
0.915468 2.339968 1.758667
0.989226 2.366245 1.784276
0.989226 2.234862 1.784276
0.915468 2.339968 1.758667
0.915468 2.339968 1.758667
0.989226 2.234862 1.784276
0.915468 2.261138 1.758667
0.989226 2.760394 1.400147
0.989226 2.366245 1.592212
0.989226 2.050925 1.400147
0.989226 2.366245 1.592212
0.989226 2.234862 1.592212
0.989226 2.050925 1.400147
0.989226 2.050925 1.400147
0.989226 2.234862 1.592212
0.989226 2.050925 1.899514
0.989226 2.234862 1.592212
0.989226 2.234862 1.784276
0.989226 2.050925 1.899514
0.989226 2.050925 1.899514
0.989226 2.234862 1.784276
0.989226 2.760394 1.899514
0.989226 2.234862 1.784276
0.989226 2.366245 1.784276
0.989226 2.760394 1.899514
0.989226 2.760394 1.400147
0.989226 2.760394 1.899514
0.989226 2.366245 1.592212
0.989226 2.366245 1.784276
0.989226 2.366245 1.592212
0.989226 2.760394 1.899514
0.915468 1.104967 1.758667
0.915468 1.026137 1.758667
0.915468 1.104967 1.605016
0.915468 1.026137 1.758667
0.915468 1.026137 1.605016
0.915468 1.104967 1.605016
0.915468 1.761882 1.758667
0.915468 1.683052 1.758667
0.915468 1.761882 1.605016
0.915468 1.683052 1.758667
0.915468 1.683052 1.605016
0.915468 1.761882 1.605016
0.989226 2.050925 1.400147
0.989226 2.050925 1.899514
0.989226 1.788159 1.592212
0.989226 2.050925 1.899514
0.989226 1.788159 1.784276
0.989226 1.788159 1.592212
0.989226 2.050925 1.400147
0.989226 1.788159 1.592212
0.989226 1.420286 1.400147
0.989226 1.788159 1.592212
0.989226 1.656776 1.592212
0.989226 1.420286 1.400147
0.989226 1.420286 1.400147
0.989226 1.656776 1.592212
0.989226 1.420286 1.899514
0.989226 1.656776 1.592212
0.989226 1.656776 1.784276
0.989226 1.420286 1.899514
0.989226 1.420286 1.899514
0.989226 1.656776 1.784276
0.989226 2.050925 1.899514
0.989226 1.656776 1.784276
0.989226 1.788159 1.784276
0.989226 2.050925 1.899514
0.989226 1.420286 1.400147
0.989226 1.420286 1.899514
0.989226 1.104967 1.592212
0.989226 1.420286 1.899514
0.989226 1.104967 1.784276
0.989226 1.104967 1.592212
0.989226 0.631987 1.400147
0.989226 1.420286 1.400147
0.989226 0.999860 1.592212
0.989226 1.420286 1.400147
0.989226 1.104967 1.592212
0.989226 0.999860 1.592212
0.989226 0.631987 1.400147
0.989226 0.999860 1.592212
0.989226 0.631987 1.899515
0.989226 0.999860 1.592212
0.989226 0.999860 1.784276
0.989226 0.631987 1.899515
0.989226 0.631987 1.899515
0.989226 0.999860 1.784276
0.989226 1.420286 1.899514
0.989226 0.999860 1.784276
0.989226 1.104967 1.784276
0.989226 1.420286 1.899514
0.989226 1.104967 1.784276
0.915468 1.104967 1.758667
0.989226 1.104967 1.592212
0.915468 1.104967 1.758667
0.915468 1.104967 1.605016
0.989226 1.104967 1.592212
0.989226 1.104967 1.592212
0.915468 1.104967 1.605016
0.989226 0.999860 1.592212
0.915468 1.104967 1.605016
0.915468 1.026137 1.605016
0.989226 0.999860 1.592212
0.989226 0.999860 1.592212
0.915468 1.026137 1.605016
0.989226 0.999860 1.784276
0.915468 1.026137 1.605016
0.915468 1.026137 1.758667
0.989226 0.999860 1.784276
0.989226 0.999860 1.784276
0.915468 1.026137 1.758667
0.989226 1.104967 1.784276
0.915468 1.026137 1.758667
0.915468 1.104967 1.758667
0.989226 1.104967 1.784276
0.989226 1.788159 1.784276
0.915468 1.761882 1.758667
0.989226 1.788159 1.592212
0.915468 1.761882 1.758667
0.915468 1.761882 1.605016
0.989226 1.788159 1.592212
0.989226 1.788159 1.592212
0.915468 1.761882 1.605016
0.989226 1.656776 1.592212
0.915468 1.761882 1.605016
0.915468 1.683052 1.605016
0.989226 1.656776 1.592212
0.989226 1.656776 1.592212
0.915468 1.683052 1.605016
0.989226 1.656776 1.784276
0.915468 1.683052 1.605016
0.915468 1.683052 1.758667
0.989226 1.656776 1.784276
0.989226 1.656776 1.784276
0.915468 1.683052 1.758667
0.989226 1.788159 1.784276
0.915468 1.683052 1.758667
0.915468 1.761882 1.758667
0.989226 1.788159 1.784276
1.608788 -1.338760 1.899515
0.989226 -1.338760 1.899515
1.756303 -1.338760 1.592212
1.874314 -1.338760 -0.082351
1.756303 -1.338760 1.592212
0.989226 -1.338760 1.899515
1.653042 -0.340248 2.347664
1.653042 -0.392801 2.258035
1.653042 -0.313971 2.258035
1.653042 -0.313971 2.258035
1.653042 -0.392801 2.258035
1.653042 -0.313971 1.963536
1.653042 -0.392801 2.258035
1.653042 -0.392801 1.963536
1.653042 -0.313971 1.963536
1.756303 0.631987 2.065970
1.756303 -0.340248 2.975074
1.756303 -0.287694 2.270839
1.756303 -0.340248 2.975074
1.756303 -0.340248 2.386077
1.756303 -0.287694 2.270839
1.756303 -1.338760 2.065970
1.756303 -0.419078 2.270839
1.756303 -0.340248 2.975074
1.756303 -0.340248 2.975074
1.756303 -0.419078 2.270839
1.756303 -0.340248 2.386077
1.756303 -0.287694 2.270839
1.756303 -0.287695 1.925123
1.756303 0.631987 2.065970
1.756303 0.631987 1.592212
1.756303 0.631987 2.065970
1.756303 0.500604 1.592212
1.756303 -0.287695 1.925123
1.756303 0.500604 1.592212
1.756303 0.631987 2.065970
1.756303 -0.340248 2.386077
1.653042 -0.340248 2.347664
1.756303 -0.287694 2.270839
1.756303 -0.287694 2.270839
1.653042 -0.340248 2.347664
1.653042 -0.313971 2.258035
1.756303 -0.340248 2.386077
1.756303 -0.419078 2.270839
1.653042 -0.340248 2.347664
1.756303 -0.419078 2.270839
1.653042 -0.392801 2.258035
1.653042 -0.340248 2.347664
1.756303 -0.419078 1.925123
1.653042 -0.392801 1.963536
1.756303 -0.419078 2.270839
1.756303 -0.419078 2.270839
1.653042 -0.392801 1.963536
1.653042 -0.392801 2.258035
1.756303 -0.419078 1.925123
1.756303 -0.287695 1.925123
1.653042 -0.392801 1.963536
1.756303 -0.287695 1.925123
1.653042 -0.313971 1.963536
1.653042 -0.392801 1.963536
1.756303 -0.287695 1.925123
1.756303 -0.287694 2.270839
1.653042 -0.313971 1.963536
1.756303 -0.287694 2.270839
1.653042 -0.313971 2.258035
1.653042 -0.313971 1.963536
1.756303 0.631987 1.592212
1.608788 0.631987 1.899515
1.756303 0.631987 2.065970
1.756303 0.631987 2.065970
1.608788 0.631987 1.899515
1.608788 0.631987 2.065970
1.756303 -1.338760 1.592212
1.756303 -1.338760 2.065970
1.608788 -1.338760 1.899515
1.756303 -1.338760 2.065970
1.608788 -1.338760 2.065970
1.608788 -1.338760 1.899515
1.756303 -0.340248 2.975074
1.756303 0.631987 2.065970
1.608788 -0.340248 2.975074
1.756303 0.631987 2.065970
1.608788 0.631987 2.065970
1.608788 -0.340248 2.975074
1.756303 -1.338760 2.065970
1.756303 -0.340248 2.975074
1.608788 -1.338760 2.065970
1.756303 -0.340248 2.975074
1.608788 -0.340248 2.975074
1.608788 -1.338760 2.065970
1.608788 0.631987 1.899515
1.608788 -1.338760 1.899515
1.608788 0.631987 2.065970
1.608788 -0.340248 2.975074
1.608788 0.631987 2.065970
1.608788 -1.338760 1.899515
1.608788 -1.338760 2.065970
1.608788 -0.340248 2.975074
1.608788 -1.338760 1.899515
1.653042 -0.392801 1.080040
1.653042 -0.287695 1.080040
1.653042 -0.392801 1.451365
1.653042 -0.340248 1.502582
1.653042 -0.392801 1.451365
1.653042 -0.287695 1.451365
1.653042 -0.392801 1.451365
1.653042 -0.287695 1.080040
1.653042 -0.287695 1.451365
1.874314 -1.338760 -0.082351
1.874314 -1.338760 1.515386
1.756303 -1.338760 1.592212
1.874314 -1.207376 -0.082351
1.874314 -1.207376 1.513107
1.874314 -1.338760 -0.082351
1.874314 -1.338760 1.515386
1.874314 -1.338760 -0.082351
1.874314 -1.207376 1.513107
1.874314 -1.207376 -0.082351
1.756303 -1.207376 -0.084208
1.874314 -1.207376 1.513107
1.889066 0.631987 -0.082351
1.756303 0.631987 1.592212
1.889066 0.631987 1.515386
1.889066 0.500604 1.519678
1.889066 0.500604 -0.082351
1.889066 0.631987 1.515386
1.889066 0.631987 -0.082351
1.889066 0.631987 1.515386
1.889066 0.500604 -0.082351
1.756303 -0.419078 2.270839
1.756303 -1.338760 2.065970
1.756303 -0.419078 1.925123
1.756303 -1.338760 1.592212
1.756303 -1.207376 1.592212
1.756303 -1.338760 2.065970
1.756303 -1.207376 1.592212
1.756303 -0.419078 1.925123
1.756303 -1.338760 2.065970
1.756303 -0.419078 1.476973
1.756303 -1.207376 1.592212
1.756303 -0.419078 1.041628
1.756303 -1.207376 1.592212
1.756303 -1.207376 0.452631
1.756303 -0.366524 0.452631
1.756303 -1.207376 1.592212
1.756303 -0.366524 0.452631
1.756303 -0.419078 1.041628
1.756303 -0.261418 1.041628
1.756303 -0.419078 1.041628
1.756303 -0.366524 0.452631
1.756303 -0.261418 1.476973
1.756303 -0.261418 1.041628
1.756303 0.500604 1.592212
1.756302 0.500604 0.452630
1.756303 0.500604 1.592212
1.756303 -0.261418 1.041628
1.756302 0.500604 0.452630
1.756303 -0.261418 1.041628
1.756303 -0.366524 0.452631
1.756303 0.500604 1.592212
1.756303 -0.287695 1.925123
1.756303 -0.261418 1.476973
1.756303 -0.287695 1.925123
1.756303 -0.340248 1.553799
1.756303 -0.261418 1.476973
1.756303 -0.287695 1.925123
1.756303 -0.419078 1.925123
1.756303 -0.340248 1.553799
1.756303 -1.207376 1.592212
1.756303 -0.419078 1.476973
1.756303 -0.419078 1.925123
1.756303 -0.419078 1.925123
1.756303 -0.419078 1.476973
1.756303 -0.340248 1.553799
1.756303 -0.419078 1.041628
1.653042 -0.392801 1.080040
1.756303 -0.419078 1.476973
1.756303 -0.419078 1.476973
1.653042 -0.392801 1.080040
1.653042 -0.392801 1.451365
1.756303 -0.419078 1.041628
1.756303 -0.261418 1.041628
1.653042 -0.392801 1.080040
1.756303 -0.261418 1.041628
1.653042 -0.287695 1.080040
1.653042 -0.392801 1.080040
1.756303 -0.261418 1.041628
1.756303 -0.261418 1.476973
1.653042 -0.287695 1.080040
1.756303 -0.261418 1.476973
1.653042 -0.287695 1.451365
1.653042 -0.287695 1.080040
1.756303 -0.340248 1.553799
1.653042 -0.340248 1.502582
1.756303 -0.261418 1.476973
1.756303 -0.261418 1.476973
1.653042 -0.340248 1.502582
1.653042 -0.287695 1.451365
1.756303 -0.340248 1.553799
1.756303 -0.419078 1.476973
1.653042 -0.340248 1.502582
1.756303 -0.419078 1.476973
1.653042 -0.392801 1.451365
1.653042 -0.340248 1.502582
1.756303 -1.207376 0.452631
1.756303 -1.207376 -0.082351
1.756303 -0.366524 0.452631
1.756303 -1.207376 -0.082351
1.756303 0.500604 -0.082351
1.756303 -0.366524 0.452631
1.756303 0.500604 -0.082351
1.756302 0.500604 0.452630
1.756303 -0.366524 0.452631
1.874314 -1.207376 1.513107
1.756303 -1.207376 -0.084208
1.756303 -1.207376 1.592212
1.889066 0.500604 1.519678
1.756303 0.500604 1.592212
1.756303 0.500604 -0.083721
1.889066 0.500604 1.519678
1.756303 0.500604 -0.083721
1.889066 0.500604 -0.082351
-1.503772 -2.310995 0.145328
1.505527 -2.310995 0.145328
1.505527 1.353505 0.145328
-1.503772 -2.310995 0.145328
1.505527 1.353505 0.145328
-1.503772 1.416919 0.145328
-1.503772 1.416919 0.145328
-1.503772 1.416918 -0.082351
-1.503772 -2.310995 -0.082351
-1.503772 1.416919 0.145328
-1.503772 -2.310995 -0.082351
-1.503772 -2.310995 0.145328
1.505527 1.353505 -0.082351
1.505527 1.353505 0.145328
1.505527 -2.310995 0.145328
1.505527 1.353505 -0.082351
1.505527 -2.310995 0.145328
1.505527 -2.310995 -0.082351
-0.751448 -2.994187 -0.082351
-0.589181 -3.204400 -0.082351
-0.589181 -3.204400 0.145328
-0.751448 -2.994187 -0.082351
-0.589181 -3.204400 0.145328
-0.751448 -2.994187 0.145328
-0.589181 -3.204400 -0.082351
-0.205643 -3.362060 -0.082351
-0.205643 -3.362060 0.145328
-0.589181 -3.204400 -0.082351
-0.205643 -3.362060 0.145328
-0.589181 -3.204400 0.145328
-0.205643 -3.362060 -0.082351
0.207398 -3.362060 -0.082351
0.207398 -3.362060 0.145328
-0.205643 -3.362060 -0.082351
0.207398 -3.362060 0.145328
-0.205643 -3.362060 0.145328
0.207398 -3.362060 -0.082351
0.590936 -3.204400 -0.082351
0.590936 -3.204400 0.145328
0.207398 -3.362060 -0.082351
0.590936 -3.204400 0.145328
0.207398 -3.362060 0.145328
0.590936 -3.204400 -0.082351
0.767954 -2.994187 -0.082351
0.782705 -2.994187 0.145328
0.590936 -3.204400 -0.082351
0.782705 -2.994187 0.145328
0.590936 -3.204400 0.145328
-0.589181 -3.204400 0.145328
-0.205643 -3.362060 0.145328
-0.751448 -2.994187 0.145328
-0.205643 -3.362060 0.145328
0.207398 -3.362060 0.145328
-0.751448 -2.994187 0.145328
0.207398 -3.362060 0.145328
0.590936 -3.204400 0.145328
-0.751448 -2.994187 0.145328
0.590936 -3.204400 0.145328
0.782705 -2.994187 0.145328
-0.751448 -2.994187 0.145328
0.767954 -2.994187 -0.082351
1.107237 -2.941634 -0.082351
1.107237 -2.941634 0.145328
0.767954 -2.994187 -0.082351
1.107237 -2.941634 0.145328
0.782705 -2.994187 0.145328
1.107237 -2.941634 0.145328
1.107237 -2.941634 -0.082351
1.417018 -2.757697 -0.082351
1.107237 -2.941634 0.145328
1.417018 -2.757697 -0.082351
1.417018 -2.757697 0.145328
1.417018 -2.757697 0.145328
1.417018 -2.757697 -0.082351
1.520278 -2.468654 -0.082351
1.417018 -2.757697 0.145328
1.520278 -2.468654 -0.082351
1.520278 -2.468654 0.145328
0.782705 -2.994187 0.145328
1.107237 -2.941634 0.145328
1.417018 -2.757697 0.145328
0.782705 -2.994187 0.145328
1.417018 -2.757697 0.145328
1.520278 -2.468654 0.145328
-0.751448 -2.994187 -0.082351
-0.751448 -2.994187 0.145328
-1.090731 -2.941634 0.145328
-0.751448 -2.994187 -0.082351
-1.090731 -2.941634 0.145328
-1.090731 -2.941634 -0.082351
-1.090731 -2.941634 0.145328
-1.385761 -2.757697 0.145328
-1.385761 -2.757697 -0.082351
-1.090731 -2.941634 0.145328
-1.385761 -2.757697 -0.082351
-1.090731 -2.941634 -0.082351
-1.385761 -2.757697 0.145328
-1.503772 -2.468654 0.145328
-1.503772 -2.468654 -0.082351
-1.385761 -2.757697 0.145328
-1.503772 -2.468654 -0.082351
-1.385761 -2.757697 -0.082351
-0.751448 -2.994187 0.145328
-1.385761 -2.757697 0.145328
-1.090731 -2.941634 0.145328
-0.751448 -2.994187 0.145328
-1.503772 -2.468654 0.145328
-1.385761 -2.757697 0.145328
0.782705 -2.994187 0.145328
1.520278 -2.468654 0.145328
-1.503772 -2.468654 0.145328
0.782705 -2.994187 0.145328
-1.503772 -2.468654 0.145328
-0.751448 -2.994187 0.145328
0.753202 -2.941634 1.118453
0.767954 -2.941634 0.119719
1.092486 -2.915357 0.119719
0.753202 -2.941634 1.118453
1.092486 -2.915357 0.119719
1.092486 -2.915357 1.118453
1.372764 -2.731421 0.119719
1.269504 -2.783974 0.503848
1.166244 -2.862804 0.503848
1.372764 -2.731421 0.119719
1.166244 -2.862804 0.503848
1.092486 -2.915357 0.119719
1.225249 -2.810251 0.977606
1.092486 -2.915357 1.118453
1.180995 -2.862804 0.900781
1.269504 -2.783974 0.900781
1.372764 -2.731421 1.118453
1.225249 -2.810251 0.977606
1.240001 -2.757697 0.529456
1.240001 -2.757697 0.875172
1.210498 -2.783974 0.926389
1.240001 -2.757697 0.529456
1.210498 -2.783974 0.926389
1.180995 -2.783974 0.875172
1.240001 -2.757697 0.529456
1.180995 -2.783974 0.875172
1.180995 -2.783974 0.529456
1.225249 -2.810251 0.977606
1.372764 -2.731421 1.118453
1.092486 -2.915357 1.118453
1.372764 -2.731421 1.118453
1.269504 -2.783974 0.900781
1.269504 -2.783974 0.503848
1.372764 -2.731421 1.118453
1.269504 -2.783974 0.503848
1.372764 -2.731421 0.119719
1.269504 -2.783974 0.503848
1.240001 -2.757697 0.529456
1.180995 -2.783974 0.529456
1.269504 -2.783974 0.503848
1.180995 -2.783974 0.529456
1.166244 -2.862804 0.503848
1.092486 -2.915357 1.118453
1.092486 -2.915357 0.119719
1.166244 -2.862804 0.503848
1.092486 -2.915357 1.118453
1.166244 -2.862804 0.503848
1.180995 -2.862804 0.900781
1.180995 -2.862804 0.900781
1.180995 -2.783974 0.875172
1.210498 -2.783974 0.926389
1.180995 -2.862804 0.900781
1.210498 -2.783974 0.926389
1.225249 -2.810251 0.977606
1.225249 -2.810251 0.977606
1.210498 -2.783974 0.926389
1.240001 -2.757697 0.875172
1.225249 -2.810251 0.977606
1.240001 -2.757697 0.875172
1.269504 -2.783974 0.900781
1.269504 -2.783974 0.900781
1.240001 -2.757697 0.875172
1.240001 -2.757697 0.529456
1.269504 -2.783974 0.900781
1.240001 -2.757697 0.529456
1.269504 -2.783974 0.503848
1.180995 -2.862804 0.900781
1.166244 -2.862804 0.503848
1.180995 -2.783974 0.529456
1.180995 -2.862804 0.900781
1.180995 -2.783974 0.529456
1.180995 -2.783974 0.875172
-0.751448 -2.941634 1.118453
-1.061228 -2.915357 1.118453
-1.061228 -2.915357 0.119719
-0.751448 -2.941634 1.118453
-1.061228 -2.915357 0.119719
-0.766199 -2.941634 0.119719
-1.341506 -2.731421 0.119719
-1.061228 -2.915357 0.119719
-1.149737 -2.862804 0.503848
-1.341506 -2.731421 0.119719
-1.149737 -2.862804 0.503848
-1.252997 -2.783974 0.503848
-1.208743 -2.810251 0.977606
-1.149737 -2.862804 0.900781
-1.061228 -2.915357 1.118453
-1.252997 -2.783974 0.900781
-1.208743 -2.810251 0.977606
-1.341506 -2.731421 1.118453
-1.223495 -2.757697 0.529456
-1.164489 -2.783974 0.529456
-1.149737 -2.783974 0.875172
-1.223495 -2.757697 0.529456
-1.149737 -2.783974 0.875172
-1.193992 -2.783974 0.926389
-1.223495 -2.757697 0.529456
-1.193992 -2.783974 0.926389
-1.223495 -2.757697 0.875172
-1.208743 -2.810251 0.977606
-1.061228 -2.915357 1.118453
-1.341506 -2.731421 1.118453
-1.341506 -2.731421 1.118453
-1.341506 -2.731421 0.119719
-1.252997 -2.783974 0.503848
-1.341506 -2.731421 1.118453
-1.252997 -2.783974 0.503848
-1.252997 -2.783974 0.900781
-1.252997 -2.783974 0.503848
-1.149737 -2.862804 0.503848
-1.164489 -2.783974 0.529456
-1.252997 -2.783974 0.503848
-1.164489 -2.783974 0.529456
-1.223495 -2.757697 0.529456
-1.061228 -2.915357 1.118453
-1.149737 -2.862804 0.900781
-1.149737 -2.862804 0.503848
-1.061228 -2.915357 1.118453
-1.149737 -2.862804 0.503848
-1.061228 -2.915357 0.119719
-1.149737 -2.862804 0.900781
-1.208743 -2.810251 0.977606
-1.193992 -2.783974 0.926389
-1.149737 -2.862804 0.900781
-1.193992 -2.783974 0.926389
-1.149737 -2.783974 0.875172
-1.208743 -2.810251 0.977606
-1.252997 -2.783974 0.900781
-1.223495 -2.757697 0.875172
-1.208743 -2.810251 0.977606
-1.223495 -2.757697 0.875172
-1.193992 -2.783974 0.926389
-1.252997 -2.783974 0.900781
-1.252997 -2.783974 0.503848
-1.223495 -2.757697 0.529456
-1.252997 -2.783974 0.900781
-1.223495 -2.757697 0.529456
-1.223495 -2.757697 0.875172
-1.149737 -2.862804 0.900781
-1.149737 -2.783974 0.875172
-1.164489 -2.783974 0.529456
-1.149737 -2.862804 0.900781
-1.164489 -2.783974 0.529456
-1.149737 -2.862804 0.503848
-0.766199 -2.941634 1.553799
-0.913714 -2.416101 1.553799
-0.913714 -2.416101 0.119719
-0.766199 -2.941634 1.553799
-0.913714 -2.416101 0.119719
-0.766199 -2.941634 0.119719
-0.766199 -2.941634 0.119719
-0.559679 -3.151847 0.119719
-0.559679 -3.151847 1.553799
-0.766199 -2.941634 0.119719
-0.559679 -3.151847 1.553799
-0.766199 -2.941634 1.553799
-0.559679 -3.151847 0.119719
-0.190892 -3.309507 0.119719
-0.190892 -3.309507 1.553799
-0.559679 -3.151847 0.119719
-0.190892 -3.309507 1.553799
-0.559679 -3.151847 1.553799
0.207398 -3.309507 0.119719
0.561433 -3.151847 0.119719
0.561433 -3.151847 1.553799
0.207398 -3.309507 0.119719
0.561433 -3.151847 1.553799
0.207398 -3.309507 1.553799
0.561433 -3.151847 0.119719
0.767954 -2.941634 0.119719
0.767954 -2.941634 1.553799
0.561433 -3.151847 0.119719
0.767954 -2.941634 1.553799
0.561433 -3.151847 1.553799
0.989226 -2.416101 1.553799
0.767954 -2.941634 1.553799
0.767954 -2.941634 0.119719
0.989226 -2.416101 1.553799
0.767954 -2.941634 0.119719
0.989226 -2.416101 0.119719
-0.190892 -3.309507 0.119719
0.207398 -3.309507 0.119719
0.118889 -3.309507 0.939193
-0.190892 -3.309507 0.119719
0.118889 -3.309507 0.939193
-0.117135 -3.309507 0.939193
0.000877 -3.309507 1.412952
0.118889 -3.309507 1.336126
0.207398 -3.309507 1.553799
-0.117135 -3.309507 1.336126
0.000877 -3.309507 1.412952
-0.190892 -3.309507 1.553799
-0.072880 -3.230677 0.964802
0.074635 -3.230677 0.964802
0.074635 -3.230677 1.310518
-0.072880 -3.230677 0.964802
0.074635 -3.230677 1.310518
0.000877 -3.230677 1.361735
-0.072880 -3.230677 0.964802
0.000877 -3.230677 1.361735
-0.072880 -3.230677 1.310518
0.000877 -3.309507 1.412952
0.207398 -3.309507 1.553799
-0.190892 -3.309507 1.553799
-0.190892 -3.309507 1.553799
-0.190892 -3.309507 0.119719
-0.117135 -3.309507 0.939193
-0.190892 -3.309507 1.553799
-0.117135 -3.309507 0.939193
-0.117135 -3.309507 1.336126
-0.117135 -3.309507 0.939193
0.118889 -3.309507 0.939193
0.074635 -3.230677 0.964802
-0.117135 -3.309507 0.939193
0.074635 -3.230677 0.964802
-0.072880 -3.230677 0.964802
0.207398 -3.309507 1.553799
0.118889 -3.309507 1.336126
0.118889 -3.309507 0.939193
0.207398 -3.309507 1.553799
0.118889 -3.309507 0.939193
0.207398 -3.309507 0.119719
0.118889 -3.309507 1.336126
0.000877 -3.309507 1.412952
0.000877 -3.230677 1.361735
0.118889 -3.309507 1.336126
0.000877 -3.230677 1.361735
0.074635 -3.230677 1.310518
0.000877 -3.309507 1.412952
-0.117135 -3.309507 1.336126
-0.072880 -3.230677 1.310518
0.000877 -3.309507 1.412952
-0.072880 -3.230677 1.310518
0.000877 -3.230677 1.361735
-0.117135 -3.309507 1.336126
-0.117135 -3.309507 0.939193
-0.072880 -3.230677 0.964802
-0.117135 -3.309507 1.336126
-0.072880 -3.230677 0.964802
-0.072880 -3.230677 1.310518
0.118889 -3.309507 1.336126
0.074635 -3.230677 1.310518
0.074635 -3.230677 0.964802
0.118889 -3.309507 1.336126
0.074635 -3.230677 0.964802
0.118889 -3.309507 0.939193
1.476024 -2.468654 1.118453
1.372764 -2.731421 1.118453
1.372764 -2.731421 0.119719
1.476024 -2.468654 1.118453
1.372764 -2.731421 0.119719
1.476024 -2.468654 0.119719
0.000877 -2.337271 2.898249
0.000877 -2.468654 2.898249
1.121989 -2.337271 1.937927
0.000877 -2.468654 2.898249
1.121989 -2.468654 1.937927
1.121989 -2.337271 1.937927
1.667793 -2.337271 -0.082351
1.667793 -2.337271 1.169671
1.667793 -2.468654 -0.082351
1.667793 -2.337271 1.169671
1.667793 -2.468654 1.169671
1.667793 -2.468654 -0.082351
0.000877 -2.337271 2.898249
-1.120234 -2.337271 1.937927
0.000877 -2.468654 2.898249
-1.120234 -2.337271 1.937927
-1.120234 -2.468654 1.937927
0.000877 -2.468654 2.898249
-1.666039 -2.337271 -0.082351
-1.666039 -2.468654 -0.082351
-1.666039 -2.337271 1.169671
-1.666039 -2.468654 -0.082351
-1.666039 -2.468654 1.169671
-1.666039 -2.337271 1.169671
1.121989 -2.468654 1.605016
1.121989 -2.337271 1.605016
1.121989 -2.468654 1.937927
1.121989 -2.337271 1.605016
1.121989 -2.337271 1.937927
1.121989 -2.468654 1.937927
-1.120234 -2.337271 1.605016
-1.120234 -2.468654 1.605016
-1.120234 -2.337271 1.937927
-1.120234 -2.468654 1.605016
-1.120234 -2.468654 1.937927
-1.120234 -2.337271 1.937927
0.000877 -2.337271 2.898249
1.121989 -2.337271 1.937927
-1.120234 -2.337271 1.937927
-1.120234 -2.337271 1.937927
1.121989 -2.337271 1.937927
-1.120234 -2.337271 1.605016
1.121989 -2.337271 1.937927
1.121989 -2.337271 1.605016
-1.120234 -2.337271 1.605016
1.667793 -2.337271 -0.082351
-1.666039 -2.337271 -0.082351
1.667793 -2.337271 1.169671
1.667793 -2.337271 1.169671
-1.666039 -2.337271 -0.082351
1.121989 -2.337271 1.605016
1.121989 -2.337271 1.605016
-1.666039 -2.337271 -0.082351
-1.120234 -2.337271 1.605016
-1.120234 -2.337271 1.605016
-1.666039 -2.337271 -0.082351
-1.666039 -2.337271 1.169671
1.121989 -2.337271 1.605016
1.121989 -2.468654 1.605016
1.667793 -2.337271 1.169671
1.121989 -2.468654 1.605016
1.667793 -2.468654 1.169671
1.667793 -2.337271 1.169671
-1.666039 -2.468654 -0.082351
1.667793 -2.468654 -0.082351
-1.666039 -2.468654 1.169671
-1.666039 -2.468654 1.169671
1.667793 -2.468654 -0.082351
-1.120234 -2.468654 1.605016
1.667793 -2.468654 -0.082351
1.667793 -2.468654 1.169671
-1.120234 -2.468654 1.605016
1.667793 -2.468654 1.169671
1.121989 -2.468654 1.605016
-1.120234 -2.468654 1.605016
1.121989 -2.468654 1.605016
1.121989 -2.468654 1.937927
-1.120234 -2.468654 1.605016
-1.120234 -2.468654 1.605016
1.121989 -2.468654 1.937927
-1.120234 -2.468654 1.937927
1.121989 -2.468654 1.937927
0.000877 -2.468654 2.898249
-1.120234 -2.468654 1.937927
-1.120234 -2.468654 1.605016
-1.120234 -2.337271 1.605016
-1.666039 -2.468654 1.169671
-1.120234 -2.337271 1.605016
-1.666039 -2.337271 1.169671
-1.666039 -2.468654 1.169671
1.387516 -1.943122 0.862368
1.387516 -1.943122 0.478239
1.387516 -1.864292 0.478239
1.387516 -1.943122 0.862368
1.387516 -1.864292 0.478239
1.387516 -1.864292 0.862368
1.476025 -2.310995 1.118453
1.476025 -2.310995 0.145328
1.476025 -1.943122 0.465435
1.476025 -2.310995 1.118453
1.476025 -1.943122 0.465435
1.476025 -1.943122 0.887976
1.476025 -2.310995 0.145328
1.476025 -1.312483 0.145328
1.476025 -1.838016 0.465435
1.476025 -2.310995 0.145328
1.476025 -1.838016 0.465435
1.476025 -1.943122 0.465435
1.476025 -1.312483 0.145328
1.476025 -1.312483 1.118453
1.476025 -1.838016 0.887976
1.476025 -1.312483 0.145328
1.476025 -1.838016 0.887976
1.476025 -1.838016 0.465435
1.476025 -1.312483 1.118453
1.476025 -2.310995 1.118453
1.476025 -1.943122 0.887976
1.476025 -1.312483 1.118453
1.476025 -1.943122 0.887976
1.476025 -1.838016 0.887976
1.476025 -1.943122 0.887976
1.476025 -1.943122 0.465435
1.387516 -1.943122 0.478239
1.476025 -1.943122 0.887976
1.387516 -1.943122 0.478239
1.387516 -1.943122 0.862368
1.476025 -1.943122 0.465435
1.476025 -1.838016 0.465435
1.387516 -1.864292 0.478239
1.476025 -1.943122 0.465435
1.387516 -1.864292 0.478239
1.387516 -1.943122 0.478239
1.476025 -1.838016 0.465435
1.476025 -1.838016 0.887976
1.387516 -1.864292 0.862368
1.476025 -1.838016 0.465435
1.387516 -1.864292 0.862368
1.387516 -1.864292 0.478239
1.476025 -1.838016 0.887976
1.476025 -1.943122 0.887976
1.387516 -1.943122 0.862368
1.476025 -1.838016 0.887976
1.387516 -1.943122 0.862368
1.387516 -1.864292 0.862368
1.387516 2.261138 0.862367
1.387516 2.261138 0.478239
1.387516 2.339968 0.478239
1.387516 2.261138 0.862367
1.387516 2.339968 0.478239
1.387516 2.339968 0.862367
1.387516 1.026137 0.862368
1.387516 1.026137 0.478239
1.387516 1.104967 0.478239
1.387516 1.026137 0.862368
1.387516 1.104967 0.478239
1.387516 1.104967 0.862368
1.476025 2.024649 0.145328
1.476025 2.786670 0.145328
1.476025 2.366245 0.465435
1.476025 2.024649 0.145328
1.476025 2.366245 0.465435
1.476025 2.234862 0.465435
1.476025 2.786670 0.145328
1.476025 2.786671 1.118453
1.476025 2.366245 0.887976
1.476025 2.786670 0.145328
1.476025 2.366245 0.887976
1.476025 2.366245 0.465435
1.476025 0.605711 1.118453
1.476025 0.605711 0.145328
1.476025 0.999860 0.465435
1.476025 0.605711 1.118453
1.476025 0.999860 0.465435
1.476025 0.999860 0.887976
1.476025 0.605711 0.145328
1.476025 2.024649 0.145328
1.476025 1.131243 0.465435
1.476025 0.605711 0.145328
1.476025 1.131243 0.465435
1.476025 0.999860 0.465435
1.476025 0.605711 1.118453
1.476025 0.999860 0.887976
1.476025 1.131243 0.887976
1.476025 0.605711 1.118453
1.476025 1.131243 0.887976
1.476025 2.234862 0.887976
1.476025 2.234862 0.887976
1.476025 2.234862 0.465435
1.387516 2.261138 0.478239
1.476025 2.234862 0.887976
1.387516 2.261138 0.478239
1.387516 2.261138 0.862367
1.476025 2.366245 0.465435
1.476025 2.366245 0.887976
1.387516 2.339968 0.862367
1.476025 2.366245 0.465435
1.387516 2.339968 0.862367
1.387516 2.339968 0.478239
1.476025 2.366245 0.887976
1.476025 2.234862 0.887976
1.387516 2.261138 0.862367
1.476025 2.366245 0.887976
1.387516 2.261138 0.862367
1.387516 2.339968 0.862367
1.476025 0.999860 0.887976
1.476025 0.999860 0.465435
1.387516 1.026137 0.478239
1.476025 0.999860 0.887976
1.387516 1.026137 0.478239
1.387516 1.026137 0.862368
1.476025 0.999860 0.465435
1.476025 1.131243 0.465435
1.387516 1.104967 0.478239
1.476025 0.999860 0.465435
1.387516 1.104967 0.478239
1.387516 1.026137 0.478239
1.476025 1.131243 0.465435
1.476025 1.131243 0.887976
1.387516 1.104967 0.862368
1.476025 1.131243 0.465435
1.387516 1.104967 0.862368
1.387516 1.104967 0.478239
1.476025 1.131243 0.887976
1.476025 0.999860 0.887976
1.387516 1.026137 0.862368
1.476025 1.131243 0.887976
1.387516 1.026137 0.862368
1.387516 1.104967 0.862368
1.476025 1.131243 0.887976
1.476025 1.131243 0.465435
1.476025 2.024649 0.145328
1.476025 1.131243 0.887976
1.476025 2.024649 0.145328
1.476025 2.234862 0.887976
1.476025 2.234862 0.465435
1.476025 2.234862 0.887976
1.476025 2.024649 0.145328
1.476025 2.786671 1.118453
1.476025 0.605711 1.118453
1.476025 2.234862 0.887976
1.476025 2.786671 1.118453
1.476025 2.234862 0.887976
1.476025 2.366245 0.887976
1.476025 2.234862 0.465435
1.476025 2.366245 0.465435
1.387516 2.339968 0.478239
1.476025 2.234862 0.465435
1.387516 2.339968 0.478239
1.387516 2.261138 0.478239
-1.503772 2.786670 -0.082351
-1.518523 1.998372 -0.082351
-1.518523 1.998372 0.145328
-1.503772 2.786670 -0.082351
-1.518523 1.998372 0.145328
-1.503772 2.786670 0.145328
1.505527 2.786670 -0.082351
1.505527 2.786670 0.145328
1.505527 1.998372 0.145328
1.505527 2.786670 -0.082351
1.505527 1.998372 0.145328
1.505527 1.998372 -0.082351
-1.503772 2.786670 0.145328
-1.518523 1.998372 0.145328
1.505528 1.998372 0.145328
-1.503772 2.786670 0.145328
1.505527 1.998372 0.145328
1.505527 2.786670 0.145328
-0.190891 2.944330 2.091579
-0.190891 2.944330 2.040362
-0.235145 2.944330 2.040362
-0.190891 2.944330 2.091579
-0.235145 2.944330 2.040362
-0.220394 2.944330 2.104383
-0.190891 2.944330 2.040362
-0.176139 2.891777 2.027557
-0.249897 2.891777 2.027557
-0.190891 2.944330 2.040362
-0.249897 2.891777 2.027557
-0.235145 2.944330 2.040362
-0.249897 2.891777 2.027557
-0.235145 2.891777 2.117187
-0.220394 2.944330 2.104383
-0.249897 2.891777 2.027557
-0.220394 2.944330 2.104383
-0.235145 2.944330 2.040362
-0.190891 2.944330 2.040362
-0.190891 2.944330 2.091579
-0.176139 2.891777 2.091579
-0.190891 2.944330 2.040362
-0.176139 2.891777 2.091579
-0.176139 2.891777 2.027557
-0.235145 2.891777 2.117187
-0.146636 2.891777 2.296447
-0.131885 2.944330 2.283643
-0.235145 2.891777 2.117187
-0.131885 2.944330 2.283643
-0.220394 2.944330 2.104383
-0.220394 2.944330 2.104383
-0.131885 2.944330 2.283643
-0.117134 2.944330 2.258034
-0.220394 2.944330 2.104383
-0.117134 2.944330 2.258034
-0.190891 2.944330 2.091579
-0.190891 2.944330 2.091579
-0.117134 2.944330 2.258034
-0.117134 2.891777 2.219622
-0.190891 2.944330 2.091579
-0.117134 2.891777 2.219622
-0.176139 2.891777 2.091579
-0.146636 2.891777 2.296447
0.000878 2.891777 2.437294
0.000878 2.944330 2.411686
-0.146636 2.891777 2.296447
0.000878 2.944330 2.411686
-0.131885 2.944330 2.283643
-0.131885 2.944330 2.283643
0.000878 2.944330 2.411686
0.000878 2.944330 2.360469
-0.131885 2.944330 2.283643
0.000878 2.944330 2.360469
-0.117134 2.944330 2.258034
-0.117134 2.944330 2.258034
0.000878 2.944330 2.360469
0.000878 2.891777 2.347664
-0.117134 2.944330 2.258034
0.000878 2.891777 2.347664
-0.117134 2.891777 2.219622
0.207399 2.944330 2.091579
0.236902 2.944330 2.104383
0.236902 2.944330 2.040362
0.207399 2.944330 2.091579
0.236902 2.944330 2.040362
0.207399 2.944330 2.040362
0.207399 2.944330 2.040362
0.236902 2.944330 2.040362
0.251653 2.891777 2.027557
0.207399 2.944330 2.040362
0.251653 2.891777 2.027557
0.192647 2.891777 2.027557
0.251653 2.891777 2.027557
0.236902 2.944330 2.040362
0.236902 2.944330 2.104383
0.251653 2.891777 2.027557
0.236902 2.944330 2.104383
0.251653 2.891777 2.117187
0.207399 2.944330 2.040362
0.192647 2.891777 2.027557
0.192647 2.891777 2.091579
0.207399 2.944330 2.040362
0.192647 2.891777 2.091579
0.207399 2.944330 2.091579
0.251653 2.891777 2.117187
0.236902 2.944330 2.104383
0.148393 2.944330 2.283643
0.251653 2.891777 2.117187
0.148393 2.944330 2.283643
0.163145 2.891777 2.283643
0.236902 2.944330 2.104383
0.207399 2.944330 2.091579
0.133642 2.944330 2.245230
0.236902 2.944330 2.104383
0.133642 2.944330 2.245230
0.148393 2.944330 2.283643
0.207399 2.944330 2.091579
0.192647 2.891777 2.091579
0.133642 2.891777 2.219622
0.207399 2.944330 2.091579
0.133642 2.891777 2.219622
0.133642 2.944330 2.245230
0.163145 2.891777 2.283643
0.148393 2.944330 2.283643
0.000878 2.944330 2.411686
0.163145 2.891777 2.283643
0.000878 2.944330 2.411686
0.000878 2.891777 2.437294
0.148393 2.944330 2.283643
0.133642 2.944330 2.245230
0.000878 2.944330 2.360469
0.148393 2.944330 2.283643
0.000878 2.944330 2.360469
0.000878 2.944330 2.411686
0.133642 2.944330 2.245230
0.133642 2.891777 2.219622
0.000878 2.891777 2.347664
0.133642 2.944330 2.245230
0.000878 2.891777 2.347664
0.000878 2.944330 2.360469
0.000878 2.760394 2.898249
0.000878 2.891777 2.898249
-1.120233 2.760394 1.937927
0.000878 2.891777 2.898249
-1.120233 2.891777 1.937927
-1.120233 2.760394 1.937927
-1.651286 2.760394 -0.082351
-1.651286 2.760394 1.169670
-1.651286 2.891777 -0.082351
-1.651286 2.760394 1.169670
-1.651286 2.891777 1.169670
-1.651286 2.891777 -0.082351
0.000878 2.760394 2.898249
1.121990 2.760394 1.937927
0.000878 2.891777 2.898249
1.121990 2.760394 1.937927
1.121990 2.891777 1.937927
0.000878 2.891777 2.898249
1.667794 2.760394 -0.082351
1.667794 2.891777 -0.082351
1.667794 2.760394 1.169670
1.667794 2.891777 -0.082351
1.667794 2.891777 1.169670
1.667794 2.760394 1.169670
-1.120233 2.891777 1.605016
-1.120233 2.760394 1.605016
-1.120233 2.891777 1.937927
-1.120233 2.760394 1.605016
-1.120233 2.760394 1.937927
-1.120233 2.891777 1.937927
1.121990 2.760394 1.605016
1.121990 2.891777 1.605016
1.121990 2.760394 1.937927
1.121990 2.891777 1.605016
1.121990 2.891777 1.937927
1.121990 2.760394 1.937927
0.000878 2.760394 2.898249
-1.120233 2.760394 1.937927
1.121990 2.760394 1.937927
1.121990 2.760394 1.937927
-1.120233 2.760394 1.937927
1.121990 2.760394 1.605016
-1.120233 2.760394 1.937927
-1.120233 2.760394 1.605016
1.121990 2.760394 1.605016
-1.120233 2.760394 1.605016
-1.120233 2.891777 1.605016
-1.651286 2.760394 1.169670
-1.120233 2.891777 1.605016
-1.651286 2.891777 1.169670
-1.651286 2.760394 1.169670
0.000878 2.786671 2.296447
0.104138 2.786671 2.194013
-0.102382 2.786671 2.194013
0.163145 2.786671 1.707450
-0.146636 2.786671 1.707450
0.163145 2.786671 2.078774
-0.146636 2.786671 1.707450
-0.146636 2.786671 2.078774
0.163145 2.786671 2.078774
-0.146636 2.786671 2.078774
-0.102382 2.786671 2.194013
0.163145 2.786671 2.078774
-0.102382 2.786671 2.194013
0.104138 2.786671 2.194013
0.163145 2.786671 2.078774
1.121990 2.891777 1.605016
1.121990 2.760394 1.605016
1.667794 2.891777 1.169670
1.121990 2.760394 1.605016
1.667794 2.760394 1.169670
1.667794 2.891777 1.169670
1.667794 2.891777 -0.082351
-1.651286 2.891777 1.169670
1.667794 2.891777 1.169670
-1.120233 2.891777 1.605016
-0.176139 2.891777 1.669037
1.121990 2.891777 1.605016
-0.176139 2.891777 1.669037
0.192647 2.891777 1.669037
1.121990 2.891777 1.605016
-1.651286 2.760394 1.169670
-1.651286 2.760394 -0.082351
-1.120233 2.760394 1.605016
1.667794 2.760394 -0.082351
1.667794 2.760394 1.169670
-1.651286 2.760394 -0.082351
1.667794 2.760394 1.169670
-1.120233 2.760394 1.605016
-1.651286 2.760394 -0.082351
1.667794 2.760394 1.169670
1.121990 2.760394 1.605016
-1.120233 2.760394 1.605016
-0.176139 2.891777 1.669037
-1.120233 2.891777 1.937927
-0.176139 2.891777 2.091579
-0.117134 2.891777 2.219622
0.000878 2.891777 2.898249
0.000878 2.891777 2.347664
0.133642 2.891777 2.219622
1.121990 2.891777 1.937927
0.192647 2.891777 2.091579
1.121990 2.891777 1.937927
1.121990 2.891777 1.605016
0.192647 2.891777 1.669037
0.000878 2.891777 2.898249
0.133642 2.891777 2.219622
0.000878 2.891777 2.347664
-1.120233 2.891777 1.937927
0.000878 2.891777 2.898249
-0.117134 2.891777 2.219622
0.000878 2.891777 2.898249
1.121990 2.891777 1.937927
0.133642 2.891777 2.219622
-1.120233 2.891777 1.937927
-0.117134 2.891777 2.219622
-0.176139 2.891777 2.091579
0.192647 2.891777 1.669037
-0.176139 2.891777 1.669037
0.163145 2.786671 1.707450
-0.176139 2.891777 1.669037
-0.146636 2.786671 1.707450
0.163145 2.786671 1.707450
-0.176139 2.891777 1.669037
-0.176139 2.891777 2.091579
-0.146636 2.786671 1.707450
-0.176139 2.891777 2.091579
-0.146636 2.786671 2.078774
-0.146636 2.786671 1.707450
-0.117134 2.891777 2.219622
-0.102382 2.786671 2.194013
-0.176139 2.891777 2.091579
-0.176139 2.891777 2.091579
-0.102382 2.786671 2.194013
-0.146636 2.786671 2.078774
0.000878 2.891777 2.347664
0.000878 2.786671 2.296447
-0.117134 2.891777 2.219622
-0.117134 2.891777 2.219622
0.000878 2.786671 2.296447
-0.102382 2.786671 2.194013
0.000878 2.891777 2.347664
0.133642 2.891777 2.219622
0.000878 2.786671 2.296447
0.133642 2.891777 2.219622
0.104138 2.786671 2.194013
0.000878 2.786671 2.296447
0.133642 2.891777 2.219622
0.192647 2.891777 2.091579
0.104138 2.786671 2.194013
0.192647 2.891777 2.091579
0.163145 2.786671 2.078774
0.104138 2.786671 2.194013
0.192647 2.891777 1.669037
0.163145 2.786671 1.707450
0.192647 2.891777 2.091579
0.192647 2.891777 2.091579
0.163145 2.786671 1.707450
0.163145 2.786671 2.078774
-1.651286 2.891777 1.169670
-1.120233 2.891777 1.605016
1.667794 2.891777 1.169670
1.667794 2.891777 1.169670
-1.120233 2.891777 1.605016
1.121990 2.891777 1.605016
1.121990 2.891777 1.937927
0.192647 2.891777 1.669037
0.192647 2.891777 2.091579
-1.120233 2.891777 1.605016
-1.120233 2.891777 1.937927
-0.176139 2.891777 1.669037
-1.651286 2.891777 -0.082351
-1.651286 2.891777 1.169670
1.667794 2.891777 -0.082351
-1.341506 2.891777 1.233692
-0.721945 2.891777 1.233692
-0.721945 2.891777 2.744597
-1.341506 2.891777 1.233692
-0.721945 2.891777 2.744597
-1.341506 2.891777 2.744597
-1.341506 3.338480 2.744597
-0.721945 3.338480 2.744597
-0.721945 3.338480 1.233692
-1.341506 3.338480 2.744597
-0.721945 3.338480 1.233692
-1.341506 3.338480 1.233692
-0.721945 2.891777 1.233692
-0.721945 3.338480 1.233692
-0.721945 3.338480 2.744597
-0.721945 2.891777 1.233692
-0.721945 3.338480 2.744597
-0.721945 2.891777 2.744597
-1.341506 3.338480 1.233692
-1.341506 2.891777 1.233692
-1.341506 2.891777 2.744597
-1.341506 3.338480 1.233692
-1.341506 2.891777 2.744597
-1.341506 3.338480 2.744597
-1.341506 2.891777 2.744597
-0.721945 2.891777 2.744597
-0.898962 2.970607 2.744597
-1.341506 2.891777 2.744597
-0.898962 2.970607 2.744597
-1.164489 2.970607 2.744597
-0.721945 2.891777 2.744597
-0.721945 3.338480 2.744597
-0.898962 3.233373 2.744597
-0.721945 2.891777 2.744597
-0.898962 3.233373 2.744597
-0.898962 2.970607 2.744597
-0.721945 3.338480 2.744597
-1.341506 3.338480 2.744597
-1.164489 3.233373 2.744597
-0.721945 3.338480 2.744597
-1.164489 3.233373 2.744597
-0.898962 3.233373 2.744597
-1.341506 3.338480 2.744597
-1.341506 2.891777 2.744597
-1.164489 2.970607 2.744597
-1.341506 3.338480 2.744597
-1.164489 2.970607 2.744597
-1.164489 3.233373 2.744597
-1.164489 2.970607 2.744597
-0.898962 2.970607 2.744597
-1.031725 3.101990 1.348930
-0.898962 2.970607 2.744597
-0.898962 3.233373 2.744597
-1.031725 3.101990 1.348930
-0.898962 3.233373 2.744597
-1.164489 3.233373 2.744597
-1.031725 3.101990 1.348930
-1.164489 3.233373 2.744597
-1.164489 2.970607 2.744597
-1.031725 3.101990 1.348930
-1.341506 3.338480 1.233692
-0.721945 3.338480 1.233692
-0.721945 3.338480 -0.082351
-1.341506 3.338480 1.233692
-0.721945 3.338480 -0.082351
-1.341506 3.338480 -0.082351
-1.341506 2.891777 1.233692
-1.341506 3.338480 1.233692
-1.341506 3.338480 -0.082351
-1.341506 2.891777 1.233692
-1.341506 3.338480 -0.082351
-1.341506 2.891777 -0.082351
-0.721945 3.338480 1.233692
-0.721945 2.891777 1.233692
-0.721945 2.891777 -0.082351
-0.721945 3.338480 1.233692
-0.721945 2.891777 -0.082351
-0.721945 3.338480 -0.082351
-0.987471 -1.338760 1.899515
-1.872559 -1.338760 -0.082351
-0.987471 -1.338760 -0.082351
-0.913713 -1.864292 1.758668
-0.913713 -1.864292 1.605016
-0.913713 -1.943122 1.758668
-0.913713 -1.864292 1.605016
-0.913713 -1.943122 1.605016
-0.913713 -1.943122 1.758668
-0.987471 -1.838015 1.784276
-0.987471 -1.838015 1.592212
-0.913713 -1.864292 1.758668
-0.987471 -1.838015 1.592212
-0.913713 -1.864292 1.605016
-0.913713 -1.864292 1.758668
-0.987471 -1.838015 1.592212
-0.987471 -1.969399 1.592212
-0.913713 -1.864292 1.605016
-0.987471 -1.969399 1.592212
-0.913713 -1.943122 1.605016
-0.913713 -1.864292 1.605016
-0.987471 -1.969399 1.592212
-0.987471 -1.969399 1.784276
-0.913713 -1.943122 1.605016
-0.987471 -1.969399 1.784276
-0.913713 -1.943122 1.758668
-0.913713 -1.943122 1.605016
-0.987471 -1.969399 1.784276
-0.987471 -1.838015 1.784276
-0.913713 -1.943122 1.758668
-0.987471 -1.838015 1.784276
-0.913713 -1.864292 1.758668
-0.913713 -1.943122 1.758668
-0.987471 -2.363548 1.400148
-0.987471 -2.363548 1.899515
-0.987471 -1.969399 1.592212
-0.987471 -1.969399 1.592212
-0.987471 -2.363548 1.899515
-0.987471 -1.969399 1.784276
-0.987471 -2.363548 1.899515
-0.987471 -1.338760 1.899515
-0.987471 -1.969399 1.784276
-0.987471 -1.969399 1.784276
-0.987471 -1.338760 1.899515
-0.987471 -1.838015 1.784276
-0.987471 -2.363548 1.400148
-0.987471 -1.969399 1.592212
-0.987471 -1.338760 1.400148
-0.987471 -1.969399 1.592212
-0.987471 -1.838015 1.592212
-0.987471 -1.338760 1.400148
-0.987471 -1.338760 1.400148
-0.987471 -1.838015 1.592212
-0.987471 -1.338760 1.899515
-0.987471 -1.838015 1.592212
-0.987471 -1.838015 1.784276
-0.987471 -1.338760 1.899515
-1.607033 0.631987 1.899515
-0.987471 0.631987 1.899515
-1.754548 0.631987 1.592212
-1.872559 0.631987 -0.082351
-1.754548 0.631987 1.592212
-0.987471 0.631987 1.899515
-0.987471 0.631987 -0.082351
-1.872559 0.631987 -0.082351
-0.987471 0.631987 1.899515
-0.913714 2.339968 1.758667
-0.913714 2.339968 1.605016
-0.913714 2.261138 1.758667
-0.913714 2.261138 1.758667
-0.913714 2.339968 1.605016
-0.913714 2.261138 1.605016
-0.987471 2.234862 1.784276
-0.913714 2.261138 1.758667
-0.987471 2.234862 1.592212
-0.913714 2.261138 1.758667
-0.913714 2.261138 1.605016
-0.987471 2.234862 1.592212
-0.987471 2.234862 1.592212
-0.913714 2.261138 1.605016
-0.987471 2.366245 1.592212
-0.913714 2.261138 1.605016
-0.913714 2.339968 1.605016
-0.987471 2.366245 1.592212
-0.987471 2.366245 1.592212
-0.913714 2.339968 1.605016
-0.987471 2.366245 1.784276
-0.913714 2.339968 1.605016
-0.913714 2.339968 1.758667
-0.987471 2.366245 1.784276
-0.987471 2.366245 1.784276
-0.913714 2.339968 1.758667
-0.987471 2.234862 1.784276
-0.913714 2.339968 1.758667
-0.913714 2.261138 1.758667
-0.987471 2.234862 1.784276
-0.987471 2.760394 1.400147
-0.987471 2.050925 1.400147
-0.987471 2.366245 1.592212
-0.987471 2.366245 1.592212
-0.987471 2.050925 1.400147
-0.987471 2.234862 1.592212
-0.987471 2.050925 1.400147
-0.987471 2.050925 1.899514
-0.987471 2.234862 1.592212
-0.987471 2.234862 1.592212
-0.987471 2.050925 1.899514
-0.987471 2.234862 1.784276
-0.987471 2.050925 1.899514
-0.987471 2.760394 1.899514
-0.987471 2.234862 1.784276
-0.987471 2.234862 1.784276
-0.987471 2.760394 1.899514
-0.987471 2.366245 1.784276
-0.987471 2.760394 1.400147
-0.987471 2.366245 1.592212
-0.987471 2.760394 1.899514
-0.987471 2.366245 1.784276
-0.987471 2.760394 1.899514
-0.987471 2.366245 1.592212
-0.913714 1.104967 1.758667
-0.913714 1.104967 1.605016
-0.913714 1.026137 1.758667
-0.913714 1.026137 1.758667
-0.913714 1.104967 1.605016
-0.913714 1.026137 1.605016
-0.913714 1.761882 1.758667
-0.913714 1.761882 1.605016
-0.913714 1.683052 1.758667
-0.913714 1.683052 1.758667
-0.913714 1.761882 1.605016
-0.913714 1.683052 1.605016
-0.987471 2.050925 1.400147
-0.987471 1.788159 1.592212
-0.987471 2.050925 1.899514
-0.987471 2.050925 1.899514
-0.987471 1.788159 1.592212
-0.987471 1.788159 1.784276
-0.987471 2.050925 1.400147
-0.987471 1.420286 1.400147
-0.987471 1.788159 1.592212
-0.987471 1.788159 1.592212
-0.987471 1.420286 1.400147
-0.987471 1.656776 1.592212
-0.987471 1.420286 1.400147
-0.987471 1.420286 1.899514
-0.987471 1.656776 1.592212
-0.987471 1.656776 1.592212
-0.987471 1.420286 1.899514
-0.987471 1.656776 1.784276
-0.987471 1.420286 1.899514
-0.987471 2.050925 1.899514
-0.987471 1.656776 1.784276
-0.987471 1.656776 1.784276
-0.987471 2.050925 1.899514
-0.987471 1.788159 1.784276
-0.987471 1.420286 1.400147
-0.987471 1.104967 1.592212
-0.987471 1.420286 1.899514
-0.987471 1.420286 1.899514
-0.987471 1.104967 1.592212
-0.987471 1.104967 1.784276
-0.987471 0.631987 1.400147
-0.987471 0.999860 1.592212
-0.987471 1.420286 1.400147
-0.987471 1.420286 1.400147
-0.987471 0.999860 1.592212
-0.987471 1.104967 1.592212
-0.987471 0.631987 1.400147
-0.987471 0.631987 1.899515
-0.987471 0.999860 1.592212
-0.987471 0.999860 1.592212
-0.987471 0.631987 1.899515
-0.987471 0.999860 1.784276
-0.987471 0.631987 1.899515
-0.987471 1.420286 1.899514
-0.987471 0.999860 1.784276
-0.987471 0.999860 1.784276
-0.987471 1.420286 1.899514
-0.987471 1.104967 1.784276
-0.987471 1.104967 1.784276
-0.987471 1.104967 1.592212
-0.913714 1.104967 1.758667
-0.913714 1.104967 1.758667
-0.987471 1.104967 1.592212
-0.913714 1.104967 1.605016
-0.987471 1.104967 1.592212
-0.987471 0.999860 1.592212
-0.913714 1.104967 1.605016
-0.913714 1.104967 1.605016
-0.987471 0.999860 1.592212
-0.913714 1.026137 1.605016
-0.987471 0.999860 1.592212
-0.987471 0.999860 1.784276
-0.913714 1.026137 1.605016
-0.913714 1.026137 1.605016
-0.987471 0.999860 1.784276
-0.913714 1.026137 1.758667
-0.987471 0.999860 1.784276
-0.987471 1.104967 1.784276
-0.913714 1.026137 1.758667
-0.913714 1.026137 1.758667
-0.987471 1.104967 1.784276
-0.913714 1.104967 1.758667
-0.987471 1.788159 1.784276
-0.987471 1.788159 1.592212
-0.913714 1.761882 1.758667
-0.913714 1.761882 1.758667
-0.987471 1.788159 1.592212
-0.913714 1.761882 1.605016
-0.987471 1.788159 1.592212
-0.987471 1.656776 1.592212
-0.913714 1.761882 1.605016
-0.913714 1.761882 1.605016
-0.987471 1.656776 1.592212
-0.913714 1.683052 1.605016
-0.987471 1.656776 1.592212
-0.987471 1.656776 1.784276
-0.913714 1.683052 1.605016
-0.913714 1.683052 1.605016
-0.987471 1.656776 1.784276
-0.913714 1.683052 1.758667
-0.987471 1.656776 1.784276
-0.987471 1.788159 1.784276
-0.913714 1.683052 1.758667
-0.913714 1.683052 1.758667
-0.987471 1.788159 1.784276
-0.913714 1.761882 1.758667
-1.607033 -1.338760 1.899515
-1.754548 -1.338760 1.592212
-0.987471 -1.338760 1.899515
-1.872559 -1.338760 -0.082351
-0.987471 -1.338760 1.899515
-1.754548 -1.338760 1.592212
-1.651287 -0.340248 2.347664
-1.651287 -0.313971 2.258035
-1.651287 -0.392801 2.258035
-1.651287 -0.313971 2.258035
-1.651287 -0.313971 1.963536
-1.651287 -0.392801 2.258035
-1.651287 -0.392801 2.258035
-1.651287 -0.313971 1.963536
-1.651287 -0.392801 1.963536
-1.754548 0.631987 2.065970
-1.754548 -0.287694 2.270839
-1.754548 -0.340248 2.975074
-1.754548 -0.340248 2.975074
-1.754548 -0.287694 2.270839
-1.754548 -0.340248 2.386077
-1.754548 -1.338760 2.065970
-1.754548 -0.340248 2.975074
-1.754548 -0.419078 2.270839
-1.754548 -0.340248 2.975074
-1.754548 -0.340248 2.386077
-1.754548 -0.419078 2.270839
-1.754548 -0.287694 2.270839
-1.754548 0.631987 2.065970
-1.754548 -0.287695 1.925123
-1.754548 0.631987 1.592212
-1.754548 0.500604 1.592212
-1.754548 0.631987 2.065970
-1.754548 -0.287695 1.925123
-1.754548 0.631987 2.065970
-1.754548 0.500604 1.592212
-1.754548 -0.340248 2.386077
-1.754548 -0.287694 2.270839
-1.651287 -0.340248 2.347664
-1.754548 -0.287694 2.270839
-1.651287 -0.313971 2.258035
-1.651287 -0.340248 2.347664
-1.754548 -0.340248 2.386077
-1.651287 -0.340248 2.347664
-1.754548 -0.419078 2.270839
-1.754548 -0.419078 2.270839
-1.651287 -0.340248 2.347664
-1.651287 -0.392801 2.258035
-1.754548 -0.419078 1.925123
-1.754548 -0.419078 2.270839
-1.651287 -0.392801 1.963536
-1.754548 -0.419078 2.270839
-1.651287 -0.392801 2.258035
-1.651287 -0.392801 1.963536
-1.754548 -0.419078 1.925123
-1.651287 -0.392801 1.963536
-1.754548 -0.287695 1.925123
-1.754548 -0.287695 1.925123
-1.651287 -0.392801 1.963536
-1.651287 -0.313971 1.963536
-1.754548 -0.287695 1.925123
-1.651287 -0.313971 1.963536
-1.754548 -0.287694 2.270839
-1.754548 -0.287694 2.270839
-1.651287 -0.313971 1.963536
-1.651287 -0.313971 2.258035
-1.754548 0.631987 1.592212
-1.754548 0.631987 2.065970
-1.607033 0.631987 1.899515
-1.754548 0.631987 2.065970
-1.607033 0.631987 2.065970
-1.607033 0.631987 1.899515
-1.754548 -1.338760 1.592212
-1.607033 -1.338760 1.899515
-1.754548 -1.338760 2.065970
-1.754548 -1.338760 2.065970
-1.607033 -1.338760 1.899515
-1.607033 -1.338760 2.065970
-1.754548 -0.340248 2.975074
-1.607033 -0.340248 2.975074
-1.754548 0.631987 2.065970
-1.754548 0.631987 2.065970
-1.607033 -0.340248 2.975074
-1.607033 0.631987 2.065970
-1.754548 -1.338760 2.065970
-1.607033 -1.338760 2.065970
-1.754548 -0.340248 2.975074
-1.754548 -0.340248 2.975074
-1.607033 -1.338760 2.065970
-1.607033 -0.340248 2.975074
-1.607033 0.631987 1.899515
-1.607033 0.631987 2.065970
-1.607033 -1.338760 1.899515
-1.607033 -0.340248 2.975074
-1.607033 -1.338760 1.899515
-1.607033 0.631987 2.065970
-1.607033 -1.338760 2.065970
-1.607033 -1.338760 1.899515
-1.607033 -0.340248 2.975074
-1.651287 -0.392801 1.080040
-1.651287 -0.392801 1.451365
-1.651287 -0.287695 1.080040
-1.651287 -0.340248 1.502582
-1.651287 -0.287695 1.451365
-1.651287 -0.392801 1.451365
-1.651287 -0.392801 1.451365
-1.651287 -0.287695 1.451365
-1.651287 -0.287695 1.080040
-1.872559 -1.338760 -0.082351
-1.754548 -1.338760 1.592212
-1.872559 -1.338760 1.515386
-1.872559 -1.207376 -0.082351
-1.872559 -1.338760 -0.082351
-1.872559 -1.207376 1.517727
-1.872559 -1.338760 1.515386
-1.872559 -1.207376 1.517727
-1.872559 -1.338760 -0.082351
-1.872559 -1.207376 -0.082351
-1.872559 -1.207376 1.517727
-1.754548 -1.207376 -0.085542
-1.872559 0.631987 -0.082351
-1.872559 0.631987 1.515386
-1.754548 0.631987 1.592212
-1.872559 0.500604 1.519808
-1.872559 0.631987 1.515386
-1.872559 0.500604 -0.082351
-1.872559 0.631987 -0.082351
-1.872559 0.500604 -0.082351
-1.872559 0.631987 1.515386
-1.754548 -0.419078 2.270839
-1.754548 -0.419078 1.925123
-1.754548 -1.338760 2.065970
-1.754548 -1.338760 1.592212
-1.754548 -1.338760 2.065970
-1.754547 -1.207376 1.592212
-1.754547 -1.207376 1.592212
-1.754548 -1.338760 2.065970
-1.754548 -0.419078 1.925123
-1.754548 -0.419078 1.476973
-1.754548 -0.419078 1.041628
-1.754547 -1.207376 1.592212
-1.754547 -1.207376 1.592212
-1.754548 -0.419078 1.041628
-1.754548 -0.366524 0.452631
-1.754547 -1.207376 1.592212
-1.754548 -0.366524 0.452631
-1.754548 -1.207376 0.452631
-1.754548 -0.261418 1.041628
-1.754548 -0.366524 0.452631
-1.754548 -0.419078 1.041628
-1.754548 -0.261418 1.476973
-1.754548 0.500604 1.592212
-1.754548 -0.261418 1.041628
-1.754548 0.500604 0.452630
-1.754548 -0.366524 0.452631
-1.754548 -0.261418 1.041628
-1.754548 0.500604 0.452630
-1.754548 -0.261418 1.041628
-1.754548 0.500604 1.592212
-1.754548 0.500604 1.592212
-1.754548 -0.261418 1.476973
-1.754548 -0.287695 1.925123
-1.754548 -0.287695 1.925123
-1.754548 -0.261418 1.476973
-1.754548 -0.340248 1.553799
-1.754548 -0.287695 1.925123
-1.754548 -0.340248 1.553799
-1.754548 -0.419078 1.925123
-1.754547 -1.207376 1.592212
-1.754548 -0.419078 1.925123
-1.754548 -0.419078 1.476973
-1.754548 -0.419078 1.925123
-1.754548 -0.340248 1.553799
-1.754548 -0.419078 1.476973
-1.754548 -0.419078 1.041628
-1.754548 -0.419078 1.476973
-1.651287 -0.392801 1.080040
-1.754548 -0.419078 1.476973
-1.651287 -0.392801 1.451365
-1.651287 -0.392801 1.080040
-1.754548 -0.419078 1.041628
-1.651287 -0.392801 1.080040
-1.754548 -0.261418 1.041628
-1.754548 -0.261418 1.041628
-1.651287 -0.392801 1.080040
-1.651287 -0.287695 1.080040
-1.754548 -0.261418 1.041628
-1.651287 -0.287695 1.080040
-1.754548 -0.261418 1.476973
-1.754548 -0.261418 1.476973
-1.651287 -0.287695 1.080040
-1.651287 -0.287695 1.451365
-1.754548 -0.340248 1.553799
-1.754548 -0.261418 1.476973
-1.651287 -0.340248 1.502582
-1.754548 -0.261418 1.476973
-1.651287 -0.287695 1.451365
-1.651287 -0.340248 1.502582
-1.754548 -0.340248 1.553799
-1.651287 -0.340248 1.502582
-1.754548 -0.419078 1.476973
-1.754548 -0.419078 1.476973
-1.651287 -0.340248 1.502582
-1.651287 -0.392801 1.451365
-1.754548 -1.207376 0.452631
-1.754548 -0.366524 0.452631
-1.754547 -1.207376 -0.082351
-1.754547 -1.207376 -0.082351
-1.754548 -0.366524 0.452631
-1.754548 0.500604 -0.082351
-1.754548 0.500604 -0.082351
-1.754548 -0.366524 0.452631
-1.754548 0.500604 0.452630
-1.872559 -1.207376 1.517727
-1.754547 -1.207376 1.592212
-1.754547 -1.207376 -0.082351
-1.872559 0.500604 1.519808
-1.754548 0.500604 -0.088843
-1.754548 0.500604 1.592212
-1.872559 0.500604 1.519808
-1.872559 0.500604 -0.082351
-1.754548 0.500604 -0.088843
-1.385760 2.261138 0.862367
-1.385760 2.339968 0.862367
-1.385760 2.339968 0.478239
-1.385760 2.261138 0.862367
-1.385760 2.339968 0.478239
-1.385760 2.261138 0.478239
-1.385760 1.026137 0.862368
-1.385760 1.104967 0.862368
-1.385760 1.104967 0.478239
-1.385760 1.026137 0.862368
-1.385760 1.104967 0.478239
-1.385760 1.026137 0.478239
-1.474269 2.024649 0.145328
-1.474269 2.234862 0.465435
-1.474269 2.366245 0.465435
-1.474269 2.024649 0.145328
-1.474269 2.366245 0.465435
-1.474269 2.786670 0.145328
-1.474269 2.786670 0.145328
-1.474269 2.366245 0.465435
-1.474269 2.366245 0.887976
-1.474269 2.786670 0.145328
-1.474269 2.366245 0.887976
-1.474269 2.786671 1.118453
-1.474269 0.605711 1.118453
-1.474269 0.999860 0.887976
-1.474269 0.999860 0.465435
-1.474269 0.605711 1.118453
-1.474269 0.999860 0.465435
-1.474269 0.605711 0.145328
-1.474269 0.605711 0.145328
-1.474269 0.999860 0.465435
-1.474269 1.131243 0.465435
-1.474269 0.605711 0.145328
-1.474269 1.131243 0.465435
-1.474269 2.024649 0.145328
-1.474269 0.605711 1.118453
-1.474269 2.234861 0.887976
-1.474269 1.131243 0.887976
-1.474269 0.605711 1.118453
-1.474269 1.131243 0.887976
-1.474269 0.999860 0.887976
-1.474269 2.234861 0.887976
-1.385760 2.261138 0.862367
-1.385760 2.261138 0.478239
-1.474269 2.234861 0.887976
-1.385760 2.261138 0.478239
-1.474269 2.234862 0.465435
-1.474269 2.366245 0.465435
-1.385760 2.339968 0.478239
-1.385760 2.339968 0.862367
-1.474269 2.366245 0.465435
-1.385760 2.339968 0.862367
-1.474269 2.366245 0.887976
-1.474269 2.366245 0.887976
-1.385760 2.339968 0.862367
-1.385760 2.261138 0.862367
-1.474269 2.366245 0.887976
-1.385760 2.261138 0.862367
-1.474269 2.234861 0.887976
-1.474269 0.999860 0.887976
-1.385760 1.026137 0.862368
-1.385760 1.026137 0.478239
-1.474269 0.999860 0.887976
-1.385760 1.026137 0.478239
-1.474269 0.999860 0.465435
-1.474269 0.999860 0.465435
-1.385760 1.026137 0.478239
-1.385760 1.104967 0.478239
-1.474269 0.999860 0.465435
-1.385760 1.104967 0.478239
-1.474269 1.131243 0.465435
-1.474269 1.131243 0.465435
-1.385760 1.104967 0.478239
-1.385760 1.104967 0.862368
-1.474269 1.131243 0.465435
-1.385760 1.104967 0.862368
-1.474269 1.131243 0.887976
-1.474269 1.131243 0.887976
-1.385760 1.104967 0.862368
-1.385760 1.026137 0.862368
-1.474269 1.131243 0.887976
-1.385760 1.026137 0.862368
-1.474269 0.999860 0.887976
-1.474269 1.131243 0.887976
-1.474269 2.234861 0.887976
-1.474269 2.024649 0.145328
-1.474269 1.131243 0.887976
-1.474269 2.024649 0.145328
-1.474269 1.131243 0.465435
-1.474269 2.234862 0.465435
-1.474269 2.024649 0.145328
-1.474269 2.234861 0.887976
-1.474269 2.786671 1.118453
-1.474269 2.234861 0.887976
-1.474269 0.605711 1.118453
-1.474269 2.786671 1.118453
-1.474269 2.366245 0.887976
-1.474269 2.234861 0.887976
-1.474269 2.366245 0.465435
-1.474269 2.234862 0.465435
-1.385760 2.261138 0.478239
-1.474269 2.366245 0.465435
-1.385760 2.261138 0.478239
-1.385760 2.339968 0.478239
-1.385760 -1.943122 0.478239
-1.385760 -1.943122 0.862368
-1.385760 -1.864292 0.862368
-1.385760 -1.943122 0.478239
-1.385760 -1.864292 0.862368
-1.385760 -1.864292 0.478239
-1.474268 -2.310995 0.145328
-1.474268 -2.310995 1.118453
-1.474268 -1.943122 0.887976
-1.474268 -2.310995 0.145328
-1.474268 -1.943122 0.887976
-1.474268 -1.943122 0.465435
-1.474268 -2.310995 1.118453
-1.474268 -1.312483 1.118453
-1.474268 -1.838016 0.887976
-1.474268 -2.310995 1.118453
-1.474268 -1.838016 0.887976
-1.474268 -1.943122 0.887976
-1.474268 -1.312483 1.118453
-1.474268 -1.312483 0.145328
-1.474268 -1.838016 0.465435
-1.474268 -1.312483 1.118453
-1.474268 -1.838016 0.465435
-1.474268 -1.838016 0.887976
-1.474268 -1.312483 0.145328
-1.474268 -2.310995 0.145328
-1.474268 -1.943122 0.465435
-1.474268 -1.312483 0.145328
-1.474268 -1.943122 0.465435
-1.474268 -1.838016 0.465435
-1.474268 -1.943122 0.465435
-1.474268 -1.943122 0.887976
-1.385760 -1.943122 0.862368
-1.474268 -1.943122 0.465435
-1.385760 -1.943122 0.862368
-1.385760 -1.943122 0.478239
-1.474268 -1.943122 0.887976
-1.474268 -1.838016 0.887976
-1.385760 -1.864292 0.862368
-1.474268 -1.943122 0.887976
-1.385760 -1.864292 0.862368
-1.385760 -1.943122 0.862368
-1.474268 -1.838016 0.887976
-1.474268 -1.838016 0.465435
-1.385760 -1.864292 0.478239
-1.474268 -1.838016 0.887976
-1.385760 -1.864292 0.478239
-1.385760 -1.864292 0.862368
-1.474268 -1.838016 0.465435
-1.474268 -1.943122 0.465435
-1.385760 -1.943122 0.478239
-1.474268 -1.838016 0.465435
-1.385760 -1.943122 0.478239
-1.385760 -1.864292 0.478239
-0.882848 2.977639 2.738670
-0.778013 2.977639 2.738670
-0.778013 2.977639 3.103826
-0.882848 2.977639 2.738670
-0.778013 2.977639 3.103826
-0.882848 2.977639 3.051661
-0.882848 3.244195 3.051661
-0.778013 3.244195 3.103826
-0.778013 3.244195 2.738670
-0.882848 3.244195 3.051661
-0.778013 3.244195 2.738670
-0.882848 3.244195 2.738670
-0.778013 2.977639 2.738670
-0.778013 3.244195 2.738670
-0.778013 3.244195 3.103826
-0.778013 2.977639 2.738670
-0.778013 3.244195 3.103826
-0.778013 2.977639 3.103826
-0.882848 3.244195 2.738670
-0.882848 2.977639 2.738670
-0.882848 2.977639 3.051661
-0.882848 3.244195 2.738670
-0.882848 2.977639 3.051661
-0.882848 3.244195 3.051661
-1.287214 2.977639 2.738670
-1.182379 2.977639 2.738670
-1.182379 2.977639 3.051661
-1.287214 2.977639 2.738670
-1.182379 2.977639 3.051661
-1.287214 2.977639 3.103826
-1.287214 3.244195 3.103826
-1.182379 3.244195 3.051661
-1.182379 3.244195 2.738670
-1.287214 3.244195 3.103826
-1.182379 3.244195 2.738670
-1.287214 3.244195 2.738670
-1.287214 3.244195 2.738670
-1.182379 3.244195 2.738670
-1.182379 2.977639 2.738670
-1.287214 3.244195 2.738670
-1.182379 2.977639 2.738670
-1.287214 2.977639 2.738670
-1.182379 2.977639 2.738670
-1.182379 3.244195 2.738670
-1.182379 3.244195 3.051661
-1.182379 2.977639 2.738670
-1.182379 3.244195 3.051661
-1.182379 2.977639 3.051661
-1.287214 3.244195 2.738670
-1.287214 2.977639 2.738670
-1.287214 2.977639 3.103826
-1.287214 3.244195 2.738670
-1.287214 2.977639 3.103826
-1.287214 3.244195 3.103826
-1.287214 2.977639 3.103826
-1.182379 2.977639 3.051661
-1.032614 2.977639 3.116867
-1.287214 2.977639 3.103826
-1.032614 2.977639 3.116867
-1.032614 2.977639 3.299445
-1.032614 3.244195 3.299445
-1.032614 3.244195 3.116867
-1.182379 3.244195 3.051661
-1.032614 3.244195 3.299445
-1.182379 3.244195 3.051661
-1.287214 3.244195 3.103826
-1.287214 3.244195 3.103826
-1.182379 3.244195 3.051661
-1.182379 2.977639 3.051661
-1.287214 3.244195 3.103826
-1.182379 2.977639 3.051661
-1.287214 2.977639 3.103826
-1.182379 2.977639 3.051661
-1.182379 3.244195 3.051661
-1.032614 3.244195 3.116867
-1.182379 2.977639 3.051661
-1.032614 3.244195 3.116867
-1.032614 2.977639 3.116867
-0.882848 2.977639 3.051661
-0.778013 2.977639 3.103826
-1.032614 2.977639 3.299445
-0.882848 2.977639 3.051661
-1.032614 2.977639 3.299445
-1.032614 2.977639 3.116867
-1.032614 3.244195 3.116867
-1.032614 3.244195 3.299445
-0.778013 3.244195 3.103826
-1.032614 3.244195 3.116867
-0.778013 3.244195 3.103826
-0.882848 3.244195 3.051661
-0.882848 3.244195 3.051661
-0.882848 2.977639 3.051661
-1.032614 2.977639 3.116867
-0.882848 3.244195 3.051661
-1.032614 2.977639 3.116867
-1.032614 3.244195 3.116867
-1.182378 3.084261 2.986454
-0.807965 3.084261 2.986454
-0.807965 3.110917 3.012537
-1.182378 3.084261 2.986454
-0.807965 3.110917 3.012537
-1.182378 3.110917 3.012537
-1.182378 3.110917 3.012537
-0.807965 3.110917 3.012537
-0.807965 3.137573 2.986454
-1.182378 3.110917 3.012537
-0.807965 3.137573 2.986454
-1.182378 3.137573 2.986454
-0.942755 3.137573 2.843000
-0.972708 3.190884 2.843000
-0.987684 3.164228 2.960372
-0.942755 3.137573 2.843000
-0.987684 3.164228 2.960372
-0.972708 3.137573 2.960372
-0.972708 3.190884 2.843000
-1.032614 3.190884 2.843000
-1.032614 3.164228 2.960372
-0.972708 3.190884 2.843000
-1.032614 3.164228 2.960372
-0.987684 3.164228 2.960372
-1.032614 3.190884 2.843000
-1.092520 3.190884 2.843000
-1.077543 3.164228 2.960372
-1.032614 3.190884 2.843000
-1.077543 3.164228 2.960372
-1.032614 3.164228 2.960372
-1.092520 3.190884 2.843000
-1.122473 3.137573 2.843000
-1.092520 3.137573 2.960372
-1.092520 3.190884 2.843000
-1.092520 3.137573 2.960372
-1.077543 3.164228 2.960372
-1.122473 3.137573 2.843000
-1.122473 3.084261 2.843000
-1.092520 3.084261 2.960372
-1.122473 3.137573 2.843000
-1.092520 3.084261 2.960372
-1.092520 3.137573 2.960372
-1.122473 3.084261 2.843000
-1.092520 3.030951 2.843000
-1.077543 3.057606 2.960372
-1.122473 3.084261 2.843000
-1.077543 3.057606 2.960372
-1.092520 3.084261 2.960372
-1.092520 3.030951 2.843000
-1.032614 3.004295 2.843000
-1.032614 3.030951 2.960372
-1.092520 3.030951 2.843000
-1.032614 3.030951 2.960372
-1.077543 3.057606 2.960372
-1.032614 3.004295 2.843000
-0.972708 3.030951 2.843000
-0.987684 3.057606 2.960372
-1.032614 3.004295 2.843000
-0.987684 3.057606 2.960372
-1.032614 3.030951 2.960372
-0.972708 3.030951 2.843000
-0.942755 3.084261 2.843000
-0.972708 3.084261 2.960372
-0.972708 3.030951 2.843000
-0.972708 3.084261 2.960372
-0.987684 3.057606 2.960372
-0.942755 3.084261 2.843000
-0.942755 3.137573 2.843000
-0.972708 3.137573 2.960372
-0.942755 3.084261 2.843000
-0.972708 3.137573 2.960372
-0.972708 3.084261 2.960372
-0.972708 3.137573 2.960372
-0.987684 3.164228 2.960372
-1.032614 3.110917 3.025578
-0.987684 3.164228 2.960372
-1.032614 3.164228 2.960372
-1.032614 3.110917 3.025578
-1.032614 3.164228 2.960372
-1.077543 3.164228 2.960372
-1.032614 3.110917 3.025578
-1.077543 3.164228 2.960372
-1.092520 3.137573 2.960372
-1.032614 3.110917 3.025578
-1.092520 3.137573 2.960372
-1.092520 3.084261 2.960372
-1.032614 3.110917 3.025578
-1.092520 3.084261 2.960372
-1.077543 3.057606 2.960372
-1.032614 3.110917 3.025578
-1.077543 3.057606 2.960372
-1.032614 3.030951 2.960372
-1.032614 3.110917 3.025578
-1.032614 3.030951 2.960372
-0.987684 3.057606 2.960372
-1.032614 3.110917 3.025578
-0.987684 3.057606 2.960372
-0.972708 3.084261 2.960372
-1.032614 3.110917 3.025578
-0.972708 3.084261 2.960372
-0.972708 3.137573 2.960372
-1.032614 3.110917 3.025578
0.000766 -2.380124 2.764753
0.000766 2.776694 2.764753
-1.077543 2.776694 1.838821
0.000766 -2.380124 2.764753
-1.077543 2.776694 1.838821
-1.077543 -2.353469 1.838822
0.000766 -2.380124 2.764753
1.079074 -2.353469 1.838822
1.079074 2.776694 1.838821
0.000766 -2.380124 2.764753
1.079074 2.776694 1.838821
0.000766 2.776694 2.764753
1.079074 -2.352313 1.838822
1.034145 -2.352313 1.799698
1.034145 2.844361 1.799697
1.079074 -2.352313 1.838822
1.034145 2.844361 1.799697
1.079074 2.844362 1.838821
-1.032614 -2.353469 1.799698
-1.077543 -2.353469 1.838822
-1.077543 2.844362 1.838821
-1.032614 -2.353469 1.799698
-1.077543 2.844362 1.838821
-1.032614 2.844361 1.799697
0.060672 -2.353469 2.764753
0.060672 2.791882 2.764753
0.000766 2.791882 2.803877
0.060672 -2.353469 2.764753
0.000766 2.791882 2.803877
0.000766 -2.353469 2.803877
0.000766 -2.353469 2.803877
0.000766 2.791882 2.803877
-0.074117 2.791882 2.764753
0.000766 -2.353469 2.803877
-0.074117 2.791882 2.764753
-0.074117 -2.353469 2.764753
-0.074117 -2.353469 2.764753
-0.074117 2.791882 2.764753
-0.059140 2.791882 2.699546
-0.074117 -2.353469 2.764753
-0.059140 2.791882 2.699546
-0.059140 -2.353469 2.699547
0.060672 2.791882 2.699546
0.060672 2.791882 2.764753
0.060672 -2.353469 2.764753
0.060672 2.791882 2.699546
0.060672 -2.353469 2.764753
0.060672 -2.353469 2.699547
-1.332144 3.244195 3.090785
-1.332144 2.950984 3.090785
-1.032614 3.270850 3.312487
-0.733083 2.950984 3.090785
-0.733083 3.244195 3.090785
-1.032614 3.270850 3.312487
-0.733083 2.950984 3.090785
-1.032614 3.270850 3.312487
-1.032614 2.950984 3.325528
-1.032614 3.270850 3.312487
-1.332144 2.950984 3.090785
-1.032614 2.950984 3.325528
-1.332144 3.244195 3.090785
-1.032614 3.270850 3.312487
-1.032614 3.270850 3.273363
-1.332144 3.244195 3.090785
-1.032614 3.270850 3.273363
-1.287214 3.244195 3.077744
-1.032614 3.270850 3.312487
-0.733083 3.244195 3.090785
-0.763036 3.244195 3.077744
-1.032614 3.270850 3.312487
-0.763036 3.244195 3.077744
-1.032614 3.270850 3.273363
-0.733083 2.950984 3.090785
-1.032614 2.950984 3.325528
-1.032614 2.950984 3.273363
-0.733083 2.950984 3.090785
-1.032614 2.950984 3.273363
-0.763036 2.950984 3.077744
-1.032614 2.950984 3.325528
-1.332144 2.950984 3.090785
-1.302191 2.950984 3.077744
-1.032614 2.950984 3.325528
-1.302191 2.950984 3.077744
-1.032614 2.950984 3.273363
-1.332144 2.950984 3.090785
-1.332144 3.244195 3.090785
-1.287214 3.244195 3.077744
-1.332144 2.950984 3.090785
-1.287214 3.244195 3.077744
-1.302191 2.950984 3.077744
-0.733083 3.244195 3.090785
-0.733083 2.950984 3.090785
-0.763036 2.950984 3.077744
-0.733083 3.244195 3.090785
-0.763036 2.950984 3.077744
-0.763036 3.244195 3.077744
0.000765 -2.460091 2.490886
-1.107496 -2.460091 1.499748
-1.047590 -2.806613 1.499748
-1.047590 -2.806613 1.499748
-0.882848 -3.099824 1.499748
0.000765 -2.460091 2.490886
-0.882848 -3.099824 1.499748
-0.643224 -3.339724 1.499748
0.000765 -2.460091 2.490886
-0.643224 -3.339724 1.499748
-0.343694 -3.499657 1.499748
0.000765 -2.460091 2.490886
-0.343694 -3.499657 1.499748
0.000765 -3.526313 1.499748
0.000765 -2.460091 2.490886
0.000765 -3.526313 1.499748
0.345225 -3.499657 1.499748
0.000765 -2.460091 2.490886
0.345225 -3.499657 1.499748
0.644755 -3.339724 1.499748
0.000765 -2.460091 2.490886
0.644755 -3.339724 1.499748
0.899355 -3.099824 1.499748
0.000765 -2.460091 2.490886
0.899355 -3.099824 1.499748
1.049121 -2.806613 1.499748
0.000765 -2.460091 2.490886
1.049121 -2.806613 1.499748
1.109027 -2.460091 1.499748
0.000765 -2.460091 2.490886
-1.629329 0.738574 1.838821
-1.629329 -0.354303 2.764753
1.633204 -0.354303 2.764753
-1.629329 0.738574 1.838821
1.633204 -0.354303 2.764753
1.633204 0.738574 1.838821
-1.629329 -0.354303 2.764753
-1.629329 -1.420525 1.838822
1.633204 -1.420525 1.838822
-1.629329 -0.354303 2.764753
1.633204 -1.420525 1.838822
1.633204 -0.354303 2.764753
1.633204 0.685263 1.799698
1.633205 0.738574 1.838821
1.633204 -0.354303 2.764753
1.633204 -1.420525 1.838822
1.633204 -1.393869 1.799698
1.633204 -0.354303 2.764753
-1.631674 -1.393869 1.799698
-1.631674 -1.420525 1.838822
-1.631674 -0.354303 2.764753
-1.631674 0.738574 1.838821
-1.631674 0.685263 1.799698
-1.631674 -0.354303 2.764753
1.633204 0.738574 1.838821
1.633204 0.685263 1.799698
-1.631674 0.685263 1.799698
1.633204 0.738574 1.838821
-1.631674 0.685263 1.799698
-1.631674 0.738574 1.838821
1.633204 -1.393869 1.799698
1.633204 -1.420525 1.838822
-1.631674 -1.420525 1.838822
1.633204 -1.393869 1.799698
-1.631674 -1.420525 1.838822
-1.631674 -1.393869 1.799698
-1.706556 -0.274337 2.764753
1.725022 -0.274337 2.764753
1.725022 -0.300992 2.699546
-1.706556 -0.274337 2.764753
1.725022 -0.300992 2.699546
-1.706556 -0.300992 2.699546
1.725022 -0.354303 2.803877
1.725022 -0.274337 2.764753
-1.706556 -0.274337 2.764753
1.725022 -0.354303 2.803877
-1.706556 -0.274337 2.764753
-1.706556 -0.354303 2.803877
1.725022 -0.407614 2.764753
1.725022 -0.354303 2.803877
-1.706556 -0.354303 2.803877
1.725022 -0.407614 2.764753
-1.706556 -0.354303 2.803877
-1.706556 -0.407614 2.764753
1.725022 -0.407614 2.699546
1.725022 -0.407614 2.764753
-1.706556 -0.407614 2.764753
1.725022 -0.407614 2.699546
-1.706556 -0.407614 2.764753
-1.706556 -0.407614 2.699546
0.704661 -3.019857 1.082427
1.109027 -2.993202 1.082427
0.914332 -2.460091 1.604078
0.914332 -2.460091 1.604078
1.109027 -2.993202 1.082427
1.438510 -2.779958 1.082427
0.914332 -2.460091 1.604078
1.438510 -2.779958 1.082427
1.558322 -2.460091 1.082427
-0.703130 -3.019857 1.082427
-0.912801 -2.460091 1.604078
-1.107496 -2.993202 1.082427
-0.912801 -2.460091 1.604078
-1.422003 -2.779958 1.082427
-1.107496 -2.993202 1.082427
-0.912801 -2.460091 1.604078
-1.541815 -2.460091 1.082427
-1.422003 -2.779958 1.082427
1.513393 2.763999 1.108509
1.558322 2.763999 1.134592
1.558322 -2.352676 1.134592
1.513393 2.763999 1.108509
1.558322 -2.352676 1.134592
1.513393 -2.352677 1.108510
1.558322 -2.353469 1.134592
1.558322 2.771922 1.134592
0.974238 2.771922 1.591037
1.558322 -2.353469 1.134592
0.974238 2.771922 1.591037
0.974238 -2.353469 1.591037
-1.556791 2.772168 1.134592
-1.511862 2.780480 1.108509
-1.511862 -2.353469 1.108509
-1.556791 -2.353469 1.134592
-0.972708 -2.353469 1.591037
-0.972708 2.772168 1.591037
-1.556791 -2.353469 1.134592
-0.972708 2.772168 1.591037
-1.556791 2.772168 1.134592
-1.556791 -2.353469 1.134592
-1.556791 2.772168 1.134592
-1.511862 -2.353469 1.108509
1.753016 -1.367214 1.630161
1.917758 -1.367214 1.525831
1.917758 -1.180625 1.525831
1.753016 -1.367214 1.630161
1.917758 -1.180625 1.525831
1.753016 -1.180625 1.630161
1.917758 -1.367214 1.525831
1.887805 -1.367214 1.499748
1.887805 -1.180625 1.499748
1.917758 -1.367214 1.525831
1.887805 -1.180625 1.499748
1.917758 -1.180625 1.525831
1.917758 -1.367214 1.525831
1.753016 -1.367214 1.630161
1.753016 -1.367214 1.591037
1.917758 -1.367214 1.525831
1.753016 -1.367214 1.591037
1.887805 -1.367214 1.499748
1.753016 -1.180625 1.630161
1.917758 -1.180625 1.525831
1.887805 -1.180625 1.499748
1.753016 -1.180625 1.630161
1.887805 -1.180625 1.499748
1.753016 -1.180625 1.591037
1.753016 0.472018 1.630161
1.917758 0.472018 1.525831
1.917758 0.658607 1.525831
1.753016 0.472018 1.630161
1.917758 0.658607 1.525831
1.753016 0.658607 1.630161
1.917758 0.472018 1.525831
1.887805 0.472018 1.499748
1.887805 0.658607 1.499748
1.917758 0.472018 1.525831
1.887805 0.658607 1.499748
1.917758 0.658607 1.525831
1.917758 0.472018 1.525831
1.753016 0.472018 1.630161
1.753016 0.472018 1.591037
1.917758 0.472018 1.525831
1.753016 0.472018 1.591037
1.887805 0.472018 1.499748
1.753016 0.658607 1.630161
1.917758 0.658607 1.525831
1.887805 0.658607 1.499748
1.753016 0.658607 1.630161
1.887805 0.658607 1.499748
1.753016 0.658607 1.591037
-1.751486 -1.367214 1.630161
-1.751486 -1.180625 1.630161
-1.901251 -1.180625 1.525831
-1.751486 -1.367214 1.630161
-1.901251 -1.180625 1.525831
-1.901251 -1.367214 1.525831
-1.901251 -1.367214 1.525831
-1.901251 -1.180625 1.525831
-1.886274 -1.180625 1.499748
-1.901251 -1.367214 1.525831
-1.886274 -1.180625 1.499748
-1.886274 -1.367214 1.499748
-1.901251 -1.367214 1.525831
-1.886274 -1.367214 1.499748
-1.751486 -1.367214 1.591037
-1.901251 -1.367214 1.525831
-1.751486 -1.367214 1.591037
-1.751486 -1.367214 1.630161
-1.751486 -1.180625 1.630161
-1.751486 -1.180625 1.591037
-1.886274 -1.180625 1.499748
-1.751486 -1.180625 1.630161
-1.886274 -1.180625 1.499748
-1.901251 -1.180625 1.525831
-1.751486 0.472018 1.630161
-1.751486 0.658607 1.630161
-1.901251 0.658607 1.525831
-1.751486 0.472018 1.630161
-1.901251 0.658607 1.525831
-1.901251 0.472018 1.525831
-1.901251 0.472018 1.525831
-1.901251 0.658607 1.525831
-1.886274 0.658607 1.499748
-1.901251 0.472018 1.525831
-1.886274 0.658607 1.499748
-1.886274 0.472018 1.499748
-1.901251 0.472018 1.525831
-1.886274 0.472018 1.499748
-1.751486 0.472018 1.591037
-1.901251 0.472018 1.525831
-1.751486 0.472018 1.591037
-1.751486 0.472018 1.630161
-1.751486 0.658607 1.630161
-1.751486 0.658607 1.591037
-1.886274 0.658607 1.499748
-1.751486 0.658607 1.630161
-1.886274 0.658607 1.499748
-1.901251 0.658607 1.525831
0.015742 -2.433435 2.882125
-0.014211 -2.406780 2.882125
-0.014211 -2.406780 3.247281
0.015742 -2.433435 2.882125
-0.014211 -2.406780 3.247281
0.015742 -2.433435 3.247281
0.015742 -2.433435 3.247281
0.015742 -2.406780 3.247281
-0.014211 -2.406780 3.247281
0.015742 -2.433435 3.247281
-0.014211 -2.406780 3.247281
-0.014211 -2.433435 3.247281
-0.014211 -2.433435 3.247281
0.015742 -2.406780 3.247281
0.015742 -2.406780 2.882125
-0.014211 -2.433435 3.247281
0.015742 -2.406780 2.882125
-0.014211 -2.433435 2.882125
0.120577 -2.406780 3.116868
0.120577 -2.433435 3.090785
-0.119047 -2.433435 3.090785
0.120577 -2.406780 3.116868
-0.119047 -2.433435 3.090785
-0.119046 -2.406780 3.116868
0.120577 -2.433435 3.116868
0.120578 -2.406780 3.090785
-0.119047 -2.406780 3.090785
0.120577 -2.433435 3.116868
-0.119047 -2.406780 3.090785
-0.119047 -2.433435 3.116868
-0.119047 -2.433435 3.116868
-0.119046 -2.406780 3.116868
-0.119047 -2.406780 3.090785
-0.119047 -2.433435 3.116868
-0.119047 -2.406780 3.090785
-0.119047 -2.433435 3.090785
0.120577 -2.433435 3.090785
0.120578 -2.406780 3.090785
0.120577 -2.406780 3.116868
0.120577 -2.433435 3.090785
0.120577 -2.406780 3.116868
0.120577 -2.433435 3.116868
0.133641 2.905852 0.862380
0.195653 2.905852 0.747142
-0.173136 2.905852 0.747142
-0.117134 2.905852 0.862380
0.133641 2.905852 0.862380
-0.173136 2.905852 0.747142
0.000878 2.905852 0.913585
0.133641 2.905852 0.862380
-0.117134 2.905852 0.862380
0.195653 2.905852 -0.008324
-0.173136 2.905852 -0.008324
0.195653 2.905852 0.747142
0.195653 2.905852 0.747142
-0.173136 2.905852 -0.008324
-0.173136 2.905852 0.747142
0.369665 2.882317 0.765616
0.369665 2.882317 -0.082351
0.356266 2.942104 0.762976
0.369665 2.882317 -0.082351
0.354913 2.946927 -0.082351
0.356266 2.942104 0.762976
0.195086 2.993916 0.955488
0.259344 2.946927 1.041209
0.273450 2.996655 0.761035
0.295907 2.996655 -0.082351
0.273450 2.996655 0.761035
0.354913 2.946927 -0.082351
-0.341025 2.942261 0.770109
-0.233489 2.946927 1.038791
-0.256943 2.996655 0.761035
-0.233489 2.946927 1.038791
-0.170339 2.993916 0.955488
-0.256943 2.996655 0.761035
0.259344 2.946927 1.041209
0.195086 2.993916 0.955488
0.000878 2.946927 1.237032
-0.338406 2.946927 -0.082351
-0.256943 2.996655 0.761035
-0.279400 2.996655 -0.082351
0.354913 2.946927 -0.082351
0.273450 2.996655 0.761035
0.356266 2.942104 0.762976
-0.170339 2.993916 0.955488
0.000878 2.996655 1.092844
-0.117134 2.905852 0.862380
0.000878 2.996655 1.092844
0.000878 2.905852 0.913585
-0.117134 2.905852 0.862380
0.195086 2.993916 0.955488
0.133641 2.905852 0.862380
0.000878 2.996655 1.092844
0.000878 2.996655 1.092844
0.133641 2.905852 0.862380
0.000878 2.905852 0.913585
-0.256943 2.996655 0.761035
-0.170339 2.993916 0.955488
-0.173136 2.905852 0.747142
-0.170339 2.993916 0.955488
-0.117134 2.905852 0.862380
-0.173136 2.905852 0.747142
0.273450 2.996655 0.761035
0.195653 2.905852 0.747142
0.195086 2.993916 0.955488
0.195086 2.993916 0.955488
0.195653 2.905852 0.747142
0.133641 2.905852 0.862380
0.195628 2.905824 -0.082351
0.195653 2.905852 0.747142
0.273450 2.996655 0.761035
0.273450 2.996655 0.761035
0.295907 2.996655 -0.082351
0.195628 2.905824 -0.082351
-0.256943 2.996655 0.761035
-0.173136 2.905852 0.747142
-0.173072 2.905824 -0.082351
-0.279400 2.996655 -0.082351
-0.256943 2.996655 0.761035
-0.173072 2.905824 -0.082351
-0.262992 2.882317 1.051595
-0.341025 2.942261 0.770109
-0.367909 2.882316 0.773226
-0.262992 2.882317 1.051595
-0.233489 2.946927 1.038791
-0.341025 2.942261 0.770109
0.000878 2.946927 1.237032
0.274096 2.882317 1.054014
0.259344 2.946927 1.041209
0.000878 2.946927 1.237032
0.000878 2.882317 1.262640
0.274096 2.882317 1.054014
-0.233489 2.946927 1.038791
-0.262992 2.882317 1.051595
0.000878 2.946927 1.237032
0.000878 2.946927 1.237032
-0.262992 2.882317 1.051595
0.000878 2.882317 1.262640
0.000878 2.946927 1.237032
0.195086 2.993916 0.955488
0.000878 2.996655 1.092844
0.000878 2.946927 1.237032
-0.170339 2.993916 0.955488
-0.233489 2.946927 1.038791
0.000878 2.996655 1.092844
-0.170339 2.993916 0.955488
0.000878 2.946927 1.237032
-0.173072 2.905824 -0.082351
0.195653 2.905852 -0.008324
0.195628 2.905824 -0.082351
-0.173072 2.905824 -0.082351
-0.173136 2.905852 -0.008324
0.195653 2.905852 -0.008324
0.356266 2.942104 0.762976
0.273450 2.996655 0.761035
0.259344 2.946927 1.041209
0.274096 2.882317 1.054014
0.356266 2.942104 0.762976
0.259344 2.946927 1.041209
0.274096 2.882317 1.054014
0.369665 2.882317 0.765616
0.356266 2.942104 0.762976
-0.338406 2.946927 -0.082351
-0.341025 2.942261 0.770109
-0.256943 2.996655 0.761035
-0.367909 2.882317 -0.082351
-0.341025 2.942261 0.770109
-0.338406 2.946927 -0.082351
-0.367909 2.882316 0.773226
-0.341025 2.942261 0.770109
-0.367909 2.882317 -0.082351
1.486196 1.539377 0.837284
1.486196 1.477365 0.747142
1.486196 1.846154 0.747142
1.486196 1.790152 0.837284
1.486196 1.539377 0.837284
1.486196 1.846154 0.747142
1.486196 1.672140 0.896043
1.486196 1.539377 0.837284
1.486196 1.790152 0.837284
1.486196 1.477365 -0.008324
1.486196 1.846154 -0.008324
1.486196 1.477365 0.747142
1.486196 1.477365 0.747142
1.486196 1.846154 -0.008324
1.486196 1.846154 0.747142
1.462661 1.303353 0.765616
1.462661 1.303353 -0.082351
1.522449 1.316751 0.762976
1.462661 1.303353 -0.082351
1.527271 1.318105 -0.082351
1.522449 1.316751 0.762976
1.574260 1.477931 0.893165
1.527271 1.413674 0.978887
1.576999 1.399568 0.761035
1.576999 1.377111 -0.082351
1.576999 1.399568 0.761035
1.527271 1.318105 -0.082351
1.522605 2.014043 0.770109
1.527271 1.906507 0.976468
1.576999 1.929961 0.761035
1.527271 1.906507 0.976468
1.574260 1.843357 0.893165
1.576999 1.929961 0.761035
1.527271 1.413674 0.978887
1.574260 1.477931 0.893165
1.527271 1.672140 1.115568
1.527271 2.011424 -0.082351
1.576999 1.929961 0.761035
1.576999 1.952418 -0.082351
1.527271 1.318105 -0.082351
1.576999 1.399568 0.761035
1.522449 1.316751 0.762976
1.574260 1.843357 0.893165
1.576999 1.672140 0.971381
1.486196 1.790152 0.837284
1.576999 1.672140 0.971381
1.486196 1.672140 0.896043
1.486196 1.790152 0.837284
1.574260 1.477931 0.893165
1.486196 1.539377 0.837284
1.576999 1.672140 0.971381
1.576999 1.672140 0.971381
1.486196 1.539377 0.837284
1.486196 1.672140 0.896043
1.576999 1.929961 0.761035
1.574260 1.843357 0.893165
1.486196 1.846154 0.747142
1.574260 1.843357 0.893165
1.486196 1.790152 0.837284
1.486196 1.846154 0.747142
1.576999 1.399568 0.761035
1.486196 1.477365 0.747142
1.574260 1.477931 0.893165
1.574260 1.477931 0.893165
1.486196 1.477365 0.747142
1.486196 1.539377 0.837284
1.486168 1.477390 -0.082351
1.486196 1.477365 0.747142
1.576999 1.399568 0.761035
1.576999 1.399568 0.761035
1.576999 1.377111 -0.082351
1.486168 1.477390 -0.082351
1.576999 1.929961 0.761035
1.486196 1.846154 0.747142
1.486168 1.846090 -0.082351
1.576999 1.952418 -0.082351
1.576999 1.929961 0.761035
1.486168 1.846090 -0.082351
1.462661 1.936010 0.989272
1.522605 2.014043 0.770109
1.462660 2.040927 0.773226
1.462661 1.936010 0.989272
1.527271 1.906507 0.976468
1.522605 2.014043 0.770109
1.527271 1.672140 1.115568
1.462661 1.398922 0.991691
1.527271 1.413674 0.978887
1.527271 1.672140 1.115568
1.462661 1.672140 1.141177
1.462661 1.398922 0.991691
1.527271 1.906507 0.976468
1.462661 1.936010 0.989272
1.527271 1.672140 1.115568
1.527271 1.672140 1.115568
1.462661 1.936010 0.989272
1.462661 1.672140 1.141177
1.527271 1.672140 1.115568
1.574260 1.477931 0.893165
1.576999 1.672140 0.971381
1.527271 1.672140 1.115568
1.574260 1.843357 0.893165
1.527271 1.906507 0.976468
1.576999 1.672140 0.971381
1.574260 1.843357 0.893165
1.527271 1.672140 1.115568
1.486168 1.846090 -0.082351
1.486196 1.477365 -0.008324
1.486168 1.477390 -0.082351
1.486168 1.846090 -0.082351
1.486196 1.846154 -0.008324
1.486196 1.477365 -0.008324
1.522449 1.316751 0.762976
1.576999 1.399568 0.761035
1.527271 1.413674 0.978887
1.462661 1.398922 0.991691
1.522449 1.316751 0.762976
1.527271 1.413674 0.978887
1.462661 1.398922 0.991691
1.462661 1.303353 0.765616
1.522449 1.316751 0.762976
1.527271 2.011424 -0.082351
1.522605 2.014043 0.770109
1.576999 1.929961 0.761035
1.462661 2.040927 -0.082351
1.522605 2.014043 0.770109
1.527271 2.011424 -0.082351
1.462660 2.040927 0.773226
1.522605 2.014043 0.770109
1.462661 2.040927 -0.082351
-1.493045 1.805170 0.837284
-1.493045 1.867182 0.747142
-1.493045 1.498393 0.747142
-1.493045 1.554395 0.837284
-1.493045 1.805170 0.837284
-1.493045 1.498393 0.747142
-1.493045 1.672407 0.896043
-1.493045 1.805170 0.837284
-1.493045 1.554395 0.837284
-1.493045 1.867182 -0.008324
-1.493045 1.498393 -0.008324
-1.493045 1.867182 0.747142
-1.493045 1.867182 0.747142
-1.493045 1.498393 -0.008324
-1.493045 1.498393 0.747142
-1.469510 2.041193 0.765616
-1.469510 2.041193 -0.082351
-1.529297 2.027795 0.762976
-1.469510 2.041193 -0.082351
-1.534120 2.026442 -0.082351
-1.529297 2.027795 0.762976
-1.581109 1.866615 0.893165
-1.534120 1.930873 0.978887
-1.583848 1.944979 0.761035
-1.583848 1.967436 -0.082351
-1.583848 1.944979 0.761035
-1.534120 2.026442 -0.082351
-1.529454 1.330503 0.770109
-1.534120 1.438040 0.976468
-1.583848 1.414586 0.761035
-1.534120 1.438040 0.976468
-1.581109 1.501190 0.893165
-1.583848 1.414586 0.761035
-1.534120 1.930873 0.978887
-1.581109 1.866615 0.893165
-1.534120 1.672407 1.115568
-1.534120 1.333123 -0.082351
-1.583848 1.414586 0.761035
-1.583848 1.392129 -0.082351
-1.534120 2.026442 -0.082351
-1.583848 1.944979 0.761035
-1.529297 2.027795 0.762976
-1.581109 1.501190 0.893165
-1.583848 1.672407 0.971381
-1.493045 1.554395 0.837284
-1.583848 1.672407 0.971381
-1.493045 1.672407 0.896043
-1.493045 1.554395 0.837284
-1.581109 1.866615 0.893165
-1.493045 1.805170 0.837284
-1.583848 1.672407 0.971381
-1.583848 1.672407 0.971381
-1.493045 1.805170 0.837284
-1.493045 1.672407 0.896043
-1.583848 1.414586 0.761035
-1.581109 1.501190 0.893165
-1.493045 1.498393 0.747142
-1.581109 1.501190 0.893165
-1.493045 1.554395 0.837284
-1.493045 1.498393 0.747142
-1.583848 1.944979 0.761035
-1.493045 1.867182 0.747142
-1.581109 1.866615 0.893165
-1.581109 1.866615 0.893165
-1.493045 1.867182 0.747142
-1.493045 1.805170 0.837284
-1.493017 1.867157 -0.082351
-1.493045 1.867182 0.747142
-1.583848 1.944979 0.761035
-1.583848 1.944979 0.761035
-1.583848 1.967436 -0.082351
-1.493017 1.867157 -0.082351
-1.583848 1.414586 0.761035
-1.493045 1.498393 0.747142
-1.493017 1.498457 -0.082351
-1.583848 1.392129 -0.082351
-1.583848 1.414586 0.761035
-1.493017 1.498457 -0.082351
-1.469510 1.408537 0.989272
-1.529454 1.330503 0.770109
-1.469510 1.303620 0.773226
-1.469510 1.408537 0.989272
-1.534120 1.438040 0.976468
-1.529454 1.330503 0.770109
-1.534120 1.672407 1.115568
-1.469510 1.945624 0.991691
-1.534120 1.930873 0.978887
-1.534120 1.672407 1.115568
-1.469510 1.672407 1.141177
-1.469510 1.945624 0.991691
-1.534120 1.438040 0.976468
-1.469510 1.408537 0.989272
-1.534120 1.672407 1.115568
-1.534120 1.672407 1.115568
-1.469510 1.408537 0.989272
-1.469510 1.672407 1.141177
-1.534120 1.672407 1.115568
-1.581109 1.866615 0.893165
-1.583848 1.672407 0.971381
-1.534120 1.672407 1.115568
-1.581109 1.501190 0.893165
-1.534120 1.438040 0.976468
-1.583848 1.672407 0.971381
-1.581109 1.501190 0.893165
-1.534120 1.672407 1.115568
-1.493017 1.498457 -0.082351
-1.493045 1.867182 -0.008324
-1.493017 1.867157 -0.082351
-1.493017 1.498457 -0.082351
-1.493045 1.498393 -0.008324
-1.493045 1.867182 -0.008324
-1.529297 2.027795 0.762976
-1.583848 1.944979 0.761035
-1.534120 1.930873 0.978887
-1.469510 1.945624 0.991691
-1.529297 2.027795 0.762976
-1.534120 1.930873 0.978887
-1.469510 1.945624 0.991691
-1.469510 2.041193 0.765616
-1.529297 2.027795 0.762976
-1.534120 1.333123 -0.082351
-1.529454 1.330503 0.770109
-1.583848 1.414586 0.761035
-1.469510 1.303620 -0.082351
-1.529454 1.330503 0.770109
-1.534120 1.333123 -0.082351
-1.469510 1.303620 0.773226
-1.529454 1.330503 0.770109
-1.469510 1.303620 -0.082351
-1.341506 -2.731421 0.119719
-1.341506 -2.731421 1.118453
-1.459518 -2.468654 0.119719
-1.459518 -2.468654 1.118453
-1.459518 -2.468654 0.119719
-1.341506 -2.731421 1.118453